,GEO.display-label,PoorFucks,HC02_EST_VC09,HC02_EST_VC10,RichFucks
1,ZCTA5 00601,74.1,12.5,7.9,5.5
2,ZCTA5 00602,78.4,9.8,7.8,4.1
3,ZCTA5 00603,72.8,11.5,9.2,6.4
4,ZCTA5 00606,83.9,13.4,2.7,0.0
5,ZCTA5 00610,79.8,9.8,7.5,3.0000000000000004
6,ZCTA5 00612,67.0,14.4,11.8,6.800000000000001
7,ZCTA5 00616,72.5,12.7,8.5,6.2
8,ZCTA5 00617,75.3,12.5,7.9,4.3
9,ZCTA5 00622,74.9,13.0,9.0,3.0999999999999996
10,ZCTA5 00623,72.7,11.5,9.3,6.3999999999999995
11,ZCTA5 00624,78.30000000000001,11.4,7.3,3.1
12,ZCTA5 00627,72.9,12.3,9.9,4.9
13,ZCTA5 00631,78.0,11.3,2.1,8.5
14,ZCTA5 00637,75.3,11.4,9.4,3.8
15,ZCTA5 00638,80.2,11.6,7.0,1.2
16,ZCTA5 00641,75.60000000000001,12.5,9.2,2.8
17,ZCTA5 00646,53.400000000000006,15.3,14.7,16.6
18,ZCTA5 00647,82.19999999999999,12.1,3.8,1.9000000000000001
19,ZCTA5 00650,80.7,13.5,3.3,2.4
20,ZCTA5 00652,73.5,12.5,10.4,3.6
21,ZCTA5 00653,82.0,11.7,3.8,2.6
22,ZCTA5 00656,77.89999999999999,12.0,7.8,2.3
23,ZCTA5 00659,72.8,12.5,9.3,5.4
24,ZCTA5 00660,70.0,15.8,11.0,3.1
25,ZCTA5 00662,75.69999999999999,11.0,9.1,4.3999999999999995
26,ZCTA5 00664,72.6,14.2,11.0,2.4000000000000004
27,ZCTA5 00667,79.6,12.1,6.6,1.8
28,ZCTA5 00669,81.1,11.1,6.0,1.7
29,ZCTA5 00670,79.9,11.8,7.9,0.5
30,ZCTA5 00674,70.10000000000001,12.2,11.6,6.0
31,ZCTA5 00676,79.0,11.3,6.7,2.9
32,ZCTA5 00677,74.3,12.7,10.4,2.7
33,ZCTA5 00678,75.30000000000001,10.2,11.8,2.6999999999999997
34,ZCTA5 00680,72.89999999999999,12.5,8.6,5.8
35,ZCTA5 00682,64.10000000000001,13.0,9.6,13.4
36,ZCTA5 00683,74.10000000000001,10.9,9.1,5.9
37,ZCTA5 00685,79.5,11.6,6.9,1.9000000000000001
38,ZCTA5 00687,78.0,12.7,6.0,3.4
39,ZCTA5 00688,82.4,10.2,7.3,0.0
40,ZCTA5 00690,76.0,10.5,8.5,5.1
41,ZCTA5 00692,70.9,13.4,9.6,6.1
42,ZCTA5 00693,74.1,10.7,8.8,6.3
43,ZCTA5 00694,100.0,0.0,0.0,0.0
44,ZCTA5 00698,78.10000000000001,10.8,7.4,3.6000000000000005
45,ZCTA5 00703,78.3,11.0,6.7,4.0
46,ZCTA5 00704,78.0,9.4,10.5,2.2
47,ZCTA5 00705,74.5,10.9,10.7,3.9000000000000004
48,ZCTA5 00707,75.4,14.0,7.8,2.8000000000000003
49,ZCTA5 00714,77.2,11.1,6.7,5.0
50,ZCTA5 00715,75.2,9.0,12.0,3.7
51,ZCTA5 00716,60.400000000000006,14.4,14.2,11.0
52,ZCTA5 00717,66.6,15.8,10.3,7.2
53,ZCTA5 00718,71.3,14.1,10.3,4.3
54,ZCTA5 00719,75.7,10.3,10.0,4.0
55,ZCTA5 00720,79.80000000000001,11.0,7.4,1.9
56,ZCTA5 00723,76.7,13.1,8.1,1.9
57,ZCTA5 00725,60.1,13.7,15.7,10.399999999999999
58,ZCTA5 00727,52.400000000000006,16.3,13.6,17.7
59,ZCTA5 00728,66.8,15.4,11.4,6.2
60,ZCTA5 00729,63.3,16.1,10.9,9.6
61,ZCTA5 00730,69.1,12.2,9.5,9.2
62,ZCTA5 00731,72.6,13.4,8.0,6.0
63,ZCTA5 00735,69.7,18.4,8.6,3.3
64,ZCTA5 00736,63.8,15.5,12.8,8.0
65,ZCTA5 00738,65.89999999999999,15.2,12.3,6.5
66,ZCTA5 00739,59.8,15.6,14.3,10.3
67,ZCTA5 00740,70.5,14.9,8.4,6.3
68,ZCTA5 00741,83.3,9.7,5.7,1.2999999999999998
69,ZCTA5 00745,60.10000000000001,18.1,12.1,9.700000000000001
70,ZCTA5 00751,75.0,12.8,9.2,3.1
71,ZCTA5 00754,68.0,13.9,11.8,6.2
72,ZCTA5 00757,68.2,16.2,8.6,7.0
73,ZCTA5 00765,80.5,11.1,5.3,3.1999999999999997
74,ZCTA5 00766,75.1,12.1,8.6,4.300000000000001
75,ZCTA5 00767,73.0,15.5,8.9,2.5
76,ZCTA5 00769,74.9,11.5,8.4,5.3
77,ZCTA5 00771,65.7,13.9,12.1,8.4
78,ZCTA5 00772,75.5,12.0,10.5,1.9000000000000001
79,ZCTA5 00773,65.3,12.4,12.6,9.8
80,ZCTA5 00775,77.0,6.9,14.8,1.2
81,ZCTA5 00777,66.10000000000001,14.1,11.9,8.1
82,ZCTA5 00778,52.2,14.8,16.8,16.200000000000003
83,ZCTA5 00780,61.0,12.7,11.2,15.000000000000002
84,ZCTA5 00782,74.9,11.8,7.7,5.6
85,ZCTA5 00783,74.89999999999999,11.0,10.1,4.0
86,ZCTA5 00784,70.8,11.3,12.1,5.8999999999999995
87,ZCTA5 00786,85.3,7.7,7.0,0.0
88,ZCTA5 00791,68.2,11.2,11.8,8.9
89,ZCTA5 00794,78.0,12.0,6.9,3.0000000000000004
90,ZCTA5 00795,74.4,12.9,8.9,3.9
91,ZCTA5 00901,48.5,12.9,8.5,30.0
92,ZCTA5 00906,100.0,0.0,0.0,0.0
93,ZCTA5 00907,42.0,15.0,15.1,28.0
94,ZCTA5 00909,61.3,12.7,19.4,6.6000000000000005
95,ZCTA5 00911,44.5,12.3,14.4,28.700000000000003
96,ZCTA5 00912,58.7,14.0,12.4,14.9
97,ZCTA5 00913,41.9,6.8,8.8,42.599999999999994
98,ZCTA5 00915,80.8,12.6,4.2,2.4
99,ZCTA5 00917,62.2,15.4,11.3,11.1
100,ZCTA5 00918,35.599999999999994,18.0,17.4,29.099999999999998
101,ZCTA5 00920,53.50000000000001,17.0,14.1,15.4
102,ZCTA5 00921,55.3,16.1,16.2,12.5
103,ZCTA5 00923,63.800000000000004,14.4,11.9,9.9
104,ZCTA5 00924,54.400000000000006,16.9,17.2,11.5
105,ZCTA5 00925,64.99999999999999,13.7,6.5,14.7
106,ZCTA5 00926,39.5,14.9,16.6,29.0
107,ZCTA5 00927,33.5,16.4,12.3,37.9
108,ZCTA5 00934,0.0,0.0,0.0,0.0
109,ZCTA5 00936,0.0,0.0,0.0,0.0
110,ZCTA5 00949,57.6,17.8,15.3,9.3
111,ZCTA5 00950,0.0,0.0,0.0,0.0
112,ZCTA5 00951,100.0,0.0,0.0,0.0
113,ZCTA5 00952,71.69999999999999,13.3,10.3,4.800000000000001
114,ZCTA5 00953,53.1,14.7,17.1,14.9
115,ZCTA5 00956,63.5,16.9,11.7,7.800000000000001
116,ZCTA5 00957,59.3,15.9,14.2,10.5
117,ZCTA5 00959,48.8,18.7,18.1,14.6
118,ZCTA5 00960,0.0,0.0,0.0,0.0
119,ZCTA5 00961,45.00000000000001,17.8,19.0,18.2
120,ZCTA5 00962,68.10000000000001,15.3,11.8,4.800000000000001
121,ZCTA5 00965,80.2,14.6,3.7,1.4
122,ZCTA5 00966,30.2,9.9,15.0,44.900000000000006
123,ZCTA5 00968,32.1,22.7,9.6,35.6
124,ZCTA5 00969,27.3,15.4,17.5,39.7
125,ZCTA5 00971,62.900000000000006,14.1,11.1,11.899999999999999
126,ZCTA5 00976,45.699999999999996,16.9,17.8,19.6
127,ZCTA5 00979,38.3,19.0,20.1,22.5
128,ZCTA5 00982,57.5,17.8,16.6,8.0
129,ZCTA5 00983,50.599999999999994,17.8,19.8,11.799999999999999
130,ZCTA5 00985,56.5,15.9,17.8,9.700000000000001
131,ZCTA5 00987,47.699999999999996,19.6,19.7,12.8
132,ZCTA5 01001,20.9,11.7,18.9,48.5
133,ZCTA5 01002,10.100000000000001,6.0,12.4,71.5
134,ZCTA5 01003,0.0,0.0,0.0,0.0
135,ZCTA5 01005,17.4,7.4,19.0,56.1
136,ZCTA5 01007,17.1,8.9,12.5,61.5
137,ZCTA5 01008,13.600000000000001,10.1,23.1,53.099999999999994
138,ZCTA5 01009,5.6,25.4,7.0,61.900000000000006
139,ZCTA5 01010,19.0,11.4,8.9,60.599999999999994
140,ZCTA5 01011,19.700000000000003,13.6,25.7,41.0
141,ZCTA5 01012,9.6,30.5,28.2,31.7
142,ZCTA5 01013,26.6,14.3,24.5,34.6
143,ZCTA5 01020,23.1,12.2,24.1,40.599999999999994
144,ZCTA5 01022,24.1,21.0,27.7,27.200000000000003
145,ZCTA5 01026,20.900000000000002,12.2,24.0,42.800000000000004
146,ZCTA5 01027,19.7,11.1,18.2,51.0
147,ZCTA5 01028,14.9,8.5,15.6,60.900000000000006
148,ZCTA5 01029,21.299999999999997,11.1,29.8,37.8
149,ZCTA5 01030,13.7,11.1,17.2,57.800000000000004
150,ZCTA5 01031,20.3,19.3,25.8,34.6
151,ZCTA5 01032,21.6,17.2,28.5,32.5
152,ZCTA5 01033,11.399999999999999,11.8,21.7,55.0
153,ZCTA5 01034,17.0,9.8,26.5,46.8
154,ZCTA5 01035,13.7,4.3,19.5,62.599999999999994
155,ZCTA5 01036,11.3,7.9,19.8,61.1
156,ZCTA5 01037,12.6,6.3,14.1,66.8
157,ZCTA5 01038,18.7,12.0,21.9,47.4
158,ZCTA5 01039,19.8,11.3,10.3,58.599999999999994
159,ZCTA5 01040,21.199999999999996,15.6,23.2,40.2
160,ZCTA5 01050,19.2,10.9,18.4,51.599999999999994
161,ZCTA5 01053,7.4,17.4,22.1,52.99999999999999
162,ZCTA5 01054,12.6,6.5,24.1,56.8
163,ZCTA5 01056,23.199999999999996,11.6,18.1,47.199999999999996
164,ZCTA5 01057,19.9,8.6,20.8,50.7
165,ZCTA5 01060,15.4,13.8,19.1,51.8
166,ZCTA5 01062,17.099999999999998,11.0,20.8,51.1
167,ZCTA5 01063,0.0,0.0,0.0,0.0
168,ZCTA5 01066,0.0,0.0,0.0,0.0
169,ZCTA5 01068,15.6,9.8,7.9,66.5
170,ZCTA5 01069,20.2,13.1,21.6,45.0
171,ZCTA5 01070,27.9,9.4,27.4,35.4
172,ZCTA5 01071,17.4,10.6,23.0,49.099999999999994
173,ZCTA5 01072,17.0,12.4,20.0,50.699999999999996
174,ZCTA5 01073,24.0,6.3,15.7,54.099999999999994
175,ZCTA5 01074,0.0,15.5,0.0,84.5
176,ZCTA5 01075,15.4,15.1,21.7,47.7
177,ZCTA5 01077,15.5,11.0,13.1,60.400000000000006
178,ZCTA5 01079,18.0,26.1,8.1,47.699999999999996
179,ZCTA5 01080,34.0,23.2,23.4,19.5
180,ZCTA5 01081,21.2,12.7,23.1,43.1
181,ZCTA5 01082,20.5,9.9,25.5,44.099999999999994
182,ZCTA5 01083,25.3,15.4,24.3,35.0
183,ZCTA5 01084,16.2,22.6,23.7,37.599999999999994
184,ZCTA5 01085,17.1,10.4,19.0,53.50000000000001
185,ZCTA5 01086,0.0,0.0,0.0,0.0
186,ZCTA5 01088,39.9,17.0,16.6,26.300000000000004
187,ZCTA5 01089,20.9,11.4,20.3,47.400000000000006
188,ZCTA5 01092,28.400000000000002,0.0,27.1,44.400000000000006
189,ZCTA5 01093,7.6,6.5,22.8,63.099999999999994
190,ZCTA5 01094,39.7,8.8,23.5,27.900000000000002
191,ZCTA5 01095,17.2,6.6,11.7,64.5
192,ZCTA5 01096,17.4,12.7,27.7,42.2
193,ZCTA5 01097,15.4,0.0,84.6,0.0
194,ZCTA5 01098,22.5,15.0,21.1,41.5
195,ZCTA5 01103,39.7,35.8,0.0,24.6
196,ZCTA5 01104,28.700000000000003,18.5,28.5,24.400000000000002
197,ZCTA5 01105,39.39999999999999,11.9,7.8,40.900000000000006
198,ZCTA5 01106,10.700000000000001,8.7,14.8,65.6
199,ZCTA5 01107,30.199999999999996,14.5,15.9,39.6
200,ZCTA5 01108,22.3,16.3,24.2,37.2
201,ZCTA5 01109,31.700000000000003,16.4,26.5,25.4
202,ZCTA5 01118,19.8,11.1,28.0,41.0
203,ZCTA5 01119,31.6,12.3,23.9,32.2
204,ZCTA5 01128,12.600000000000001,11.3,24.0,52.300000000000004
205,ZCTA5 01129,18.5,14.1,24.5,42.8
206,ZCTA5 01151,34.5,17.8,23.9,23.9
207,ZCTA5 01199,0.0,0.0,0.0,0.0
208,ZCTA5 01201,27.5,12.9,24.9,34.8
209,ZCTA5 01220,24.699999999999996,19.8,22.3,33.2
210,ZCTA5 01222,11.2,14.0,11.9,62.89999999999999
211,ZCTA5 01223,33.99999999999999,15.1,16.8,34.0
212,ZCTA5 01224,0.0,11.4,28.6,60.0
213,ZCTA5 01225,37.300000000000004,8.9,17.4,36.4
214,ZCTA5 01226,23.899999999999995,20.1,18.9,37.0
215,ZCTA5 01229,0.0,26.0,24.0,50.0
216,ZCTA5 01230,20.2,13.5,18.5,47.8
217,ZCTA5 01235,24.099999999999998,14.5,25.5,35.900000000000006
218,ZCTA5 01236,34.7,8.3,10.4,46.7
219,ZCTA5 01237,26.9,8.3,20.5,44.3
220,ZCTA5 01238,17.6,15.6,25.3,41.4
221,ZCTA5 01240,26.9,12.3,21.3,39.5
222,ZCTA5 01242,0.0,24.8,12.8,62.4
223,ZCTA5 01243,22.6,9.4,11.3,56.7
224,ZCTA5 01244,51.2,0.0,41.9,7.0
225,ZCTA5 01245,33.1,9.1,16.4,41.5
226,ZCTA5 01247,30.200000000000003,18.5,21.4,29.9
227,ZCTA5 01253,35.5,4.5,15.9,44.099999999999994
228,ZCTA5 01254,12.100000000000001,11.8,14.0,62.1
229,ZCTA5 01255,28.5,9.1,25.8,36.699999999999996
230,ZCTA5 01256,28.9,14.5,22.5,33.9
231,ZCTA5 01257,21.7,13.4,17.8,47.1
232,ZCTA5 01258,19.4,12.2,23.7,44.599999999999994
233,ZCTA5 01259,23.5,11.7,19.5,45.3
234,ZCTA5 01260,20.9,0.0,41.9,37.3
235,ZCTA5 01262,38.4,9.4,21.2,30.900000000000002
236,ZCTA5 01264,22.7,21.2,7.6,48.5
237,ZCTA5 01266,20.1,11.7,14.2,54.0
238,ZCTA5 01267,23.5,6.1,15.7,54.699999999999996
239,ZCTA5 01270,16.5,11.5,20.9,51.0
240,ZCTA5 01301,18.500000000000004,18.0,26.1,37.2
241,ZCTA5 01330,20.299999999999997,7.5,20.8,51.5
242,ZCTA5 01331,23.099999999999998,16.0,22.4,38.6
243,ZCTA5 01337,27.0,18.7,17.5,36.699999999999996
244,ZCTA5 01338,8.1,5.4,8.1,78.5
245,ZCTA5 01339,19.3,23.2,24.7,32.8
246,ZCTA5 01340,23.200000000000003,15.8,24.4,36.8
247,ZCTA5 01341,19.700000000000003,11.1,15.6,53.5
248,ZCTA5 01342,20.200000000000003,12.7,15.0,52.099999999999994
249,ZCTA5 01343,6.5,38.7,9.7,45.2
250,ZCTA5 01344,22.400000000000002,18.2,24.1,35.2
251,ZCTA5 01346,20.8,13.8,17.2,48.3
252,ZCTA5 01347,60.7,39.3,0.0,0.0
253,ZCTA5 01349,30.2,4.3,13.5,51.9
254,ZCTA5 01350,46.900000000000006,6.1,42.9,4.1
255,ZCTA5 01351,14.5,23.5,18.5,43.5
256,ZCTA5 01354,17.7,10.2,24.7,47.400000000000006
257,ZCTA5 01355,20.400000000000002,13.6,21.4,44.7
258,ZCTA5 01360,19.5,9.1,21.4,49.9
259,ZCTA5 01364,29.599999999999998,15.8,27.3,27.2
260,ZCTA5 01366,23.799999999999997,11.8,10.6,53.7
261,ZCTA5 01367,36.1,13.6,24.6,25.6
262,ZCTA5 01368,19.9,16.5,19.6,44.00000000000001
263,ZCTA5 01370,15.1,16.2,16.8,51.8
264,ZCTA5 01373,20.7,13.2,17.4,48.8
265,ZCTA5 01375,12.6,18.5,16.1,52.7
266,ZCTA5 01376,26.199999999999996,10.8,23.6,39.5
267,ZCTA5 01378,18.9,9.7,29.9,41.4
268,ZCTA5 01379,26.0,12.7,23.8,37.4
269,ZCTA5 01420,22.1,12.0,18.0,47.7
270,ZCTA5 01430,13.4,14.4,10.0,62.1
271,ZCTA5 01431,19.4,10.8,18.3,51.6
272,ZCTA5 01432,14.5,8.2,18.2,59.3
273,ZCTA5 01434,0.0,3.4,20.7,75.9
274,ZCTA5 01436,15.799999999999999,13.1,22.0,49.1
275,ZCTA5 01438,33.4,9.4,39.0,18.299999999999997
276,ZCTA5 01440,19.6,14.0,25.2,41.2
277,ZCTA5 01450,10.200000000000001,6.7,8.9,74.2
278,ZCTA5 01451,4.3,4.7,3.1,87.8
279,ZCTA5 01452,13.5,8.5,19.6,58.5
280,ZCTA5 01453,16.9,8.9,18.0,56.2
281,ZCTA5 01460,13.399999999999999,5.4,12.0,69.3
282,ZCTA5 01462,14.200000000000001,12.3,16.5,56.900000000000006
283,ZCTA5 01463,11.6,6.5,15.5,66.3
284,ZCTA5 01464,18.4,5.6,17.9,58.1
285,ZCTA5 01467,23.1,16.5,0.0,60.3
286,ZCTA5 01468,19.5,10.7,13.9,55.8
287,ZCTA5 01469,12.7,4.9,19.6,62.699999999999996
288,ZCTA5 01473,15.299999999999999,8.2,20.3,56.300000000000004
289,ZCTA5 01474,6.699999999999999,9.1,26.4,57.800000000000004
290,ZCTA5 01475,13.8,12.2,18.4,55.699999999999996
291,ZCTA5 01501,20.200000000000003,9.0,17.6,53.199999999999996
292,ZCTA5 01503,9.1,9.8,17.1,64.1
293,ZCTA5 01504,10.0,7.2,24.1,58.599999999999994
294,ZCTA5 01505,6.199999999999999,7.9,13.6,72.30000000000001
295,ZCTA5 01506,23.2,9.7,19.6,47.5
296,ZCTA5 01507,10.200000000000001,5.5,11.1,73.30000000000001
297,ZCTA5 01510,14.4,8.1,18.4,59.099999999999994
298,ZCTA5 01515,15.2,13.2,24.4,47.199999999999996
299,ZCTA5 01516,13.3,4.0,17.8,64.9
300,ZCTA5 01518,16.0,3.1,17.8,63.1
301,ZCTA5 01519,10.0,5.9,8.1,76.0
302,ZCTA5 01520,7.6,7.5,15.6,69.3
303,ZCTA5 01521,21.900000000000002,11.7,21.4,44.8
304,ZCTA5 01522,6.7,11.7,16.1,65.4
305,ZCTA5 01523,13.599999999999998,10.1,15.0,61.099999999999994
306,ZCTA5 01524,11.700000000000001,6.3,28.3,53.6
307,ZCTA5 01525,20.5,79.5,0.0,0.0
308,ZCTA5 01527,13.3,6.0,20.6,60.2
309,ZCTA5 01529,10.900000000000002,13.5,15.4,60.39999999999999
310,ZCTA5 01531,13.9,7.7,12.7,65.6
311,ZCTA5 01532,10.799999999999999,7.5,10.7,71.0
312,ZCTA5 01534,5.800000000000001,6.6,13.6,73.89999999999999
313,ZCTA5 01535,19.8,15.0,11.9,53.300000000000004
314,ZCTA5 01536,11.6,7.6,19.3,61.5
315,ZCTA5 01537,15.5,14.7,20.6,49.1
316,ZCTA5 01540,15.4,11.0,18.0,55.599999999999994
317,ZCTA5 01541,7.700000000000001,9.2,11.6,71.6
318,ZCTA5 01542,16.0,3.9,18.6,61.5
319,ZCTA5 01543,12.7,9.6,16.6,61.0
320,ZCTA5 01545,10.7,8.0,13.1,68.19999999999999
321,ZCTA5 01550,20.000000000000004,11.5,21.0,47.4
322,ZCTA5 01560,12.900000000000002,5.2,12.4,69.4
323,ZCTA5 01561,0.0,0.0,0.0,100.0
324,ZCTA5 01562,19.999999999999996,10.3,12.2,57.6
325,ZCTA5 01564,7.199999999999999,5.8,15.3,71.80000000000001
326,ZCTA5 01566,17.0,8.2,17.6,57.1
327,ZCTA5 01568,6.199999999999999,8.0,11.5,74.4
328,ZCTA5 01569,14.3,7.0,16.1,62.6
329,ZCTA5 01570,21.4,11.7,19.2,47.8
330,ZCTA5 01571,15.700000000000001,6.3,18.2,60.0
331,ZCTA5 01581,7.6,5.1,14.0,73.2
332,ZCTA5 01583,12.200000000000001,10.1,20.1,57.6
333,ZCTA5 01585,13.6,17.7,19.1,49.6
334,ZCTA5 01588,17.1,11.0,19.6,52.4
335,ZCTA5 01590,8.5,4.8,10.4,76.39999999999999
336,ZCTA5 01602,15.4,10.9,21.5,52.300000000000004
337,ZCTA5 01603,17.599999999999998,12.1,25.0,45.300000000000004
338,ZCTA5 01604,19.100000000000005,13.5,20.1,47.3
339,ZCTA5 01605,19.4,7.5,23.8,49.2
340,ZCTA5 01606,19.0,10.4,22.8,47.800000000000004
341,ZCTA5 01607,18.0,14.4,24.1,43.60000000000001
342,ZCTA5 01608,31.2,21.9,28.1,18.8
343,ZCTA5 01609,14.5,9.1,17.9,58.4
344,ZCTA5 01610,34.699999999999996,15.4,21.3,28.7
345,ZCTA5 01611,15.2,11.5,8.7,64.5
346,ZCTA5 01612,14.0,6.6,12.9,66.5
347,ZCTA5 01701,12.1,7.6,15.0,65.3
348,ZCTA5 01702,13.5,7.3,17.2,61.99999999999999
349,ZCTA5 01718,6.8,9.5,24.3,59.400000000000006
350,ZCTA5 01719,8.899999999999999,7.1,11.3,72.6
351,ZCTA5 01720,6.6,6.7,10.2,76.6
352,ZCTA5 01721,12.700000000000003,6.6,12.2,68.3
353,ZCTA5 01730,7.1000000000000005,9.2,6.2,77.3
354,ZCTA5 01731,0.0,0.0,0.0,0.0
355,ZCTA5 01740,8.7,2.7,8.6,79.8
356,ZCTA5 01741,7.799999999999999,2.6,6.3,83.5
357,ZCTA5 01742,10.899999999999999,3.9,8.6,76.5
358,ZCTA5 01745,31.400000000000002,14.3,13.6,40.7
359,ZCTA5 01746,8.600000000000001,8.7,12.5,70.19999999999999
360,ZCTA5 01747,7.1000000000000005,7.0,10.8,75.0
361,ZCTA5 01748,7.100000000000001,3.0,9.5,80.4
362,ZCTA5 01749,14.899999999999999,12.4,15.4,57.3
363,ZCTA5 01752,14.5,9.6,14.3,61.6
364,ZCTA5 01754,11.2,4.0,15.3,69.4
365,ZCTA5 01756,13.4,5.0,13.9,67.7
366,ZCTA5 01757,13.9,10.3,15.9,60.0
367,ZCTA5 01760,12.000000000000002,7.8,11.1,69.30000000000001
368,ZCTA5 01770,6.3999999999999995,3.6,9.7,80.3
369,ZCTA5 01772,5.9,6.0,5.4,82.8
370,ZCTA5 01773,4.8,4.2,8.2,82.69999999999999
371,ZCTA5 01775,10.200000000000001,5.5,13.1,71.3
372,ZCTA5 01776,4.3,1.4,8.6,85.7
373,ZCTA5 01778,7.8999999999999995,4.9,11.3,75.9
374,ZCTA5 01801,14.399999999999999,10.6,14.8,60.2
375,ZCTA5 01803,12.5,7.3,13.3,66.8
376,ZCTA5 01810,7.9,6.2,10.3,75.5
377,ZCTA5 01821,11.899999999999999,8.5,15.7,63.9
378,ZCTA5 01824,12.600000000000001,9.0,10.6,67.8
379,ZCTA5 01826,16.3,7.7,20.6,55.5
380,ZCTA5 01827,9.4,8.5,12.1,70.0
381,ZCTA5 01830,14.1,10.1,17.9,58.0
382,ZCTA5 01832,19.1,12.0,19.2,49.800000000000004
383,ZCTA5 01833,7.799999999999999,5.5,13.1,73.7
384,ZCTA5 01834,11.600000000000001,7.1,14.8,66.5
385,ZCTA5 01835,10.600000000000001,7.6,20.5,61.400000000000006
386,ZCTA5 01840,71.4,0.0,19.8,8.8
387,ZCTA5 01841,26.200000000000003,12.0,25.8,36.2
388,ZCTA5 01843,19.9,13.9,20.7,45.400000000000006
389,ZCTA5 01844,16.9,10.7,15.9,56.5
390,ZCTA5 01845,10.799999999999999,5.2,12.0,71.9
391,ZCTA5 01850,16.3,13.5,22.7,47.5
392,ZCTA5 01851,20.900000000000002,8.9,20.7,49.400000000000006
393,ZCTA5 01852,15.200000000000001,12.4,21.0,51.400000000000006
394,ZCTA5 01854,17.8,8.5,24.7,49.0
395,ZCTA5 01860,15.4,8.7,20.1,55.7
396,ZCTA5 01862,15.0,8.2,10.4,66.4
397,ZCTA5 01863,14.700000000000001,8.4,15.9,60.9
398,ZCTA5 01864,11.500000000000002,3.7,11.0,73.9
399,ZCTA5 01867,9.2,5.9,13.1,71.80000000000001
400,ZCTA5 01876,14.099999999999998,6.9,14.6,64.4
401,ZCTA5 01879,11.3,7.3,10.8,70.5
402,ZCTA5 01880,11.899999999999999,7.5,16.4,64.19999999999999
403,ZCTA5 01886,6.999999999999999,3.7,11.1,78.19999999999999
404,ZCTA5 01887,8.200000000000001,9.2,13.3,69.3
405,ZCTA5 01890,7.300000000000001,5.0,10.7,77.1
406,ZCTA5 01901,0.0,9.5,14.3,76.2
407,ZCTA5 01902,21.4,13.5,22.8,42.39999999999999
408,ZCTA5 01904,14.8,9.9,17.2,58.2
409,ZCTA5 01905,22.8,12.5,18.3,46.4
410,ZCTA5 01906,17.599999999999998,7.9,16.7,57.8
411,ZCTA5 01907,11.2,4.4,14.0,70.4
412,ZCTA5 01908,14.6,11.8,16.8,56.8
413,ZCTA5 01913,10.799999999999999,8.3,13.3,67.6
414,ZCTA5 01915,13.599999999999998,7.9,17.9,60.5
415,ZCTA5 01921,9.0,1.5,5.7,83.80000000000001
416,ZCTA5 01922,7.0,6.7,11.7,74.6
417,ZCTA5 01923,12.200000000000001,8.8,17.9,60.9
418,ZCTA5 01929,8.4,8.6,12.4,70.6
419,ZCTA5 01930,19.2,8.9,16.6,55.3
420,ZCTA5 01937,0.0,0.0,0.0,0.0
421,ZCTA5 01938,11.599999999999998,7.9,17.6,62.900000000000006
422,ZCTA5 01940,13.2,6.3,11.5,69.1
423,ZCTA5 01944,10.9,4.7,6.1,78.4
424,ZCTA5 01945,11.399999999999999,6.5,11.5,70.6
425,ZCTA5 01949,16.400000000000002,5.0,12.0,66.5
426,ZCTA5 01950,11.799999999999999,6.3,13.4,68.5
427,ZCTA5 01951,20.4,10.0,15.7,53.8
428,ZCTA5 01952,13.7,14.9,15.4,56.10000000000001
429,ZCTA5 01960,16.700000000000003,9.9,17.1,56.300000000000004
430,ZCTA5 01966,16.5,7.6,20.1,55.699999999999996
431,ZCTA5 01969,14.6,2.8,15.7,66.9
432,ZCTA5 01970,17.2,9.0,18.8,54.9
433,ZCTA5 01982,10.5,7.3,7.1,75.1
434,ZCTA5 01983,10.000000000000002,8.1,11.1,70.9
435,ZCTA5 01984,12.5,1.8,8.1,77.6
436,ZCTA5 01985,9.4,8.5,17.0,65.1
437,ZCTA5 02019,14.499999999999998,9.2,16.8,59.599999999999994
438,ZCTA5 02021,12.799999999999997,8.9,11.0,67.4
439,ZCTA5 02025,7.4,5.9,9.7,77.1
440,ZCTA5 02026,13.300000000000002,9.1,15.8,61.699999999999996
441,ZCTA5 02030,5.3,6.7,9.7,78.19999999999999
442,ZCTA5 02032,8.5,17.2,15.9,58.5
443,ZCTA5 02035,10.200000000000001,7.0,14.5,68.2
444,ZCTA5 02038,10.299999999999999,6.1,11.5,72.1
445,ZCTA5 02043,10.799999999999999,8.6,12.0,68.8
446,ZCTA5 02045,16.8,13.3,15.4,54.6
447,ZCTA5 02047,53.6,0.0,0.0,46.4
448,ZCTA5 02048,9.4,5.5,12.5,72.5
449,ZCTA5 02050,12.700000000000001,7.0,15.6,64.7
450,ZCTA5 02052,7.000000000000001,4.3,8.8,79.8
451,ZCTA5 02053,8.0,6.1,9.5,76.5
452,ZCTA5 02054,9.2,6.3,22.4,62.1
453,ZCTA5 02056,8.1,5.6,10.5,75.8
454,ZCTA5 02061,8.5,7.4,13.8,70.5
455,ZCTA5 02062,15.500000000000002,5.8,16.0,62.8
456,ZCTA5 02066,11.600000000000001,6.8,16.3,65.3
457,ZCTA5 02067,7.1,5.0,10.2,77.69999999999999
458,ZCTA5 02071,16.4,0.0,13.2,70.5
459,ZCTA5 02072,15.399999999999999,11.0,14.3,59.2
460,ZCTA5 02081,9.4,7.5,15.2,68.0
461,ZCTA5 02090,11.2,7.0,7.3,74.6
462,ZCTA5 02093,7.5,4.1,18.0,70.30000000000001
463,ZCTA5 02108,12.799999999999999,3.7,10.0,73.5
464,ZCTA5 02109,4.6,2.4,7.1,85.9
465,ZCTA5 02110,15.8,0.0,4.2,80.0
466,ZCTA5 02111,4.4,10.5,14.0,71.0
467,ZCTA5 02113,16.400000000000002,11.8,12.7,59.0
468,ZCTA5 02114,13.399999999999999,5.9,15.1,65.7
469,ZCTA5 02115,15.2,6.0,15.8,63.0
470,ZCTA5 02116,11.800000000000002,3.8,9.1,75.2
471,ZCTA5 02118,7.1,5.6,11.4,75.9
472,ZCTA5 02119,17.700000000000003,14.2,23.6,44.300000000000004
473,ZCTA5 02120,26.5,5.6,6.3,61.6
474,ZCTA5 02121,19.5,10.8,27.1,42.5
475,ZCTA5 02122,16.7,11.7,16.0,55.599999999999994
476,ZCTA5 02124,14.9,10.9,17.4,57.0
477,ZCTA5 02125,20.3,10.2,15.4,54.1
478,ZCTA5 02126,23.7,9.0,21.0,46.2
479,ZCTA5 02127,9.8,6.3,14.7,69.2
480,ZCTA5 02128,19.1,12.8,16.7,51.300000000000004
481,ZCTA5 02129,8.600000000000001,3.6,7.9,79.9
482,ZCTA5 02130,8.0,6.4,12.9,72.6
483,ZCTA5 02131,15.799999999999999,7.4,15.9,60.8
484,ZCTA5 02132,14.100000000000001,7.4,12.7,65.9
485,ZCTA5 02134,11.7,8.9,21.5,57.9
486,ZCTA5 02135,20.0,13.3,15.0,51.8
487,ZCTA5 02136,14.5,10.1,19.1,56.3
488,ZCTA5 02138,11.700000000000001,6.3,13.5,68.5
489,ZCTA5 02139,10.700000000000001,9.2,12.8,67.3
490,ZCTA5 02140,11.0,6.6,11.9,70.6
491,ZCTA5 02141,14.199999999999998,9.4,12.9,63.4
492,ZCTA5 02142,0.0,0.0,13.0,86.9
493,ZCTA5 02143,13.3,12.4,15.0,59.2
494,ZCTA5 02144,17.0,10.4,15.5,57.099999999999994
495,ZCTA5 02145,20.2,9.1,18.1,52.6
496,ZCTA5 02148,17.500000000000004,10.8,16.8,54.9
497,ZCTA5 02149,18.9,13.5,20.1,47.6
498,ZCTA5 02150,15.899999999999999,10.6,26.3,47.300000000000004
499,ZCTA5 02151,20.3,11.8,23.0,44.8
500,ZCTA5 02152,13.0,12.0,16.6,58.6
501,ZCTA5 02155,15.5,11.1,15.7,57.7
502,ZCTA5 02163,0.0,0.0,0.0,0.0
503,ZCTA5 02169,17.0,10.7,19.0,53.4
504,ZCTA5 02170,16.9,10.7,19.2,53.3
505,ZCTA5 02171,17.1,11.6,13.1,58.2
506,ZCTA5 02176,8.600000000000001,6.2,16.2,69.0
507,ZCTA5 02180,15.000000000000002,5.2,17.2,62.6
508,ZCTA5 02184,13.7,7.6,15.4,63.4
509,ZCTA5 02186,10.4,6.8,11.0,71.9
510,ZCTA5 02188,16.6,8.2,22.1,53.0
511,ZCTA5 02189,15.899999999999999,15.4,15.6,53.099999999999994
512,ZCTA5 02190,13.8,11.2,13.4,61.6
513,ZCTA5 02191,22.500000000000004,11.0,17.2,49.4
514,ZCTA5 02199,21.7,0.0,0.0,78.3
515,ZCTA5 02203,0.0,0.0,0.0,0.0
516,ZCTA5 02210,9.0,5.8,14.6,70.6
517,ZCTA5 02215,19.1,9.8,18.7,52.4
518,ZCTA5 02301,19.400000000000006,13.3,22.5,44.8
519,ZCTA5 02302,18.8,12.4,22.3,46.400000000000006
520,ZCTA5 02322,14.6,7.1,22.8,55.4
521,ZCTA5 02324,12.5,5.2,11.5,70.7
522,ZCTA5 02330,23.9,13.4,13.7,49.0
523,ZCTA5 02332,9.499999999999998,5.0,12.4,73.0
524,ZCTA5 02333,11.399999999999999,12.0,16.3,60.5
525,ZCTA5 02338,24.8,8.9,15.3,51.099999999999994
526,ZCTA5 02339,6.7,5.1,12.6,75.6
527,ZCTA5 02341,8.700000000000001,5.9,12.6,72.7
528,ZCTA5 02343,18.9,13.7,20.7,46.7
529,ZCTA5 02346,14.100000000000001,10.6,18.9,56.400000000000006
530,ZCTA5 02347,9.9,7.7,16.3,66.30000000000001
531,ZCTA5 02351,10.9,9.0,19.0,61.0
532,ZCTA5 02356,11.2,6.8,9.5,72.4
533,ZCTA5 02357,0.0,0.0,0.0,0.0
534,ZCTA5 02359,11.9,6.3,18.3,63.5
535,ZCTA5 02360,16.5,8.0,16.4,59.099999999999994
536,ZCTA5 02364,14.4,10.7,13.6,61.400000000000006
537,ZCTA5 02366,0.0,0.0,0.0,0.0
538,ZCTA5 02367,10.4,8.6,11.7,69.3
539,ZCTA5 02368,14.999999999999998,10.2,21.3,53.3
540,ZCTA5 02370,16.900000000000002,11.1,19.0,52.900000000000006
541,ZCTA5 02375,12.200000000000001,8.7,15.7,63.300000000000004
542,ZCTA5 02379,17.8,9.3,15.7,57.3
543,ZCTA5 02382,12.2,9.5,19.0,59.2
544,ZCTA5 02420,10.0,4.1,7.4,78.5
545,ZCTA5 02421,7.300000000000001,3.2,6.1,83.4
546,ZCTA5 02445,6.699999999999999,6.2,10.3,76.69999999999999
547,ZCTA5 02446,11.6,3.5,9.2,75.8
548,ZCTA5 02451,13.0,11.8,14.5,60.5
549,ZCTA5 02452,13.2,9.4,20.8,56.7
550,ZCTA5 02453,11.8,7.8,12.9,67.4
551,ZCTA5 02457,0.0,0.0,0.0,0.0
552,ZCTA5 02458,13.3,7.5,13.4,65.8
553,ZCTA5 02459,10.299999999999999,5.1,8.1,76.5
554,ZCTA5 02460,6.300000000000001,7.8,8.1,77.9
555,ZCTA5 02461,7.300000000000001,2.0,10.0,80.6
556,ZCTA5 02462,6.3,11.8,11.2,70.6
557,ZCTA5 02464,19.2,0.0,20.2,60.400000000000006
558,ZCTA5 02465,11.9,3.7,7.4,77.1
559,ZCTA5 02466,12.3,4.3,7.3,76.19999999999999
560,ZCTA5 02467,10.5,3.9,10.2,75.5
561,ZCTA5 02468,6.699999999999999,0.4,9.7,83.3
562,ZCTA5 02472,15.399999999999999,6.4,16.3,61.9
563,ZCTA5 02474,11.9,7.0,16.3,64.7
564,ZCTA5 02476,10.599999999999998,5.6,12.3,71.4
565,ZCTA5 02478,9.899999999999999,6.0,7.8,76.19999999999999
566,ZCTA5 02481,6.8,3.7,5.1,84.4
567,ZCTA5 02482,8.9,5.4,11.0,74.80000000000001
568,ZCTA5 02492,6.1000000000000005,4.7,9.2,79.9
569,ZCTA5 02493,7.6000000000000005,2.8,7.7,81.9
570,ZCTA5 02494,10.2,2.0,14.0,73.80000000000001
571,ZCTA5 02532,23.799999999999997,14.9,14.9,46.4
572,ZCTA5 02534,22.4,11.6,23.9,42.1
573,ZCTA5 02535,24.0,10.1,13.5,52.2
574,ZCTA5 02536,23.299999999999997,13.9,20.3,42.4
575,ZCTA5 02537,12.9,13.0,16.3,57.8
576,ZCTA5 02538,25.1,17.0,5.8,51.9
577,ZCTA5 02539,17.2,18.7,22.6,41.3
578,ZCTA5 02540,26.099999999999998,6.1,17.3,50.5
579,ZCTA5 02542,0.0,100.0,0.0,0.0
580,ZCTA5 02543,8.5,8.1,16.2,67.30000000000001
581,ZCTA5 02553,0.0,0.0,22.0,78.0
582,ZCTA5 02554,15.799999999999999,7.6,11.9,64.8
583,ZCTA5 02556,26.799999999999997,3.5,15.6,54.1
584,ZCTA5 02557,26.0,8.3,9.8,55.699999999999996
585,ZCTA5 02558,12.8,34.0,22.5,30.699999999999996
586,ZCTA5 02559,14.8,10.5,20.1,54.599999999999994
587,ZCTA5 02561,7.4,0.0,33.1,59.5
588,ZCTA5 02562,20.599999999999998,16.8,15.4,47.099999999999994
589,ZCTA5 02563,12.1,11.3,17.3,59.3
590,ZCTA5 02564,16.3,36.3,11.9,35.6
591,ZCTA5 02568,33.1,5.3,14.0,47.7
592,ZCTA5 02571,22.8,13.6,21.7,42.00000000000001
593,ZCTA5 02575,17.0,12.0,24.6,46.3
594,ZCTA5 02576,20.299999999999997,11.7,14.2,53.7
595,ZCTA5 02584,0.0,0.0,0.0,0.0
596,ZCTA5 02601,28.7,14.2,28.7,28.400000000000002
597,ZCTA5 02630,36.1,4.9,18.0,41.1
598,ZCTA5 02631,20.0,10.9,20.0,49.099999999999994
599,ZCTA5 02632,19.900000000000002,10.9,20.4,48.9
600,ZCTA5 02633,21.6,12.4,12.9,53.0
601,ZCTA5 02635,16.8,8.2,22.7,52.300000000000004
602,ZCTA5 02637,58.6,0.0,0.0,41.4
603,ZCTA5 02638,30.2,10.9,16.4,42.5
604,ZCTA5 02639,25.200000000000003,16.0,13.4,45.4
605,ZCTA5 02641,18.4,20.4,2.5,58.8
606,ZCTA5 02642,21.200000000000003,18.4,15.1,45.4
607,ZCTA5 02643,0.0,0.0,100.0,0.0
608,ZCTA5 02644,7.3,8.3,19.3,65.1
609,ZCTA5 02645,22.2,11.2,24.9,41.7
610,ZCTA5 02646,21.200000000000003,7.8,29.0,42.1
611,ZCTA5 02647,20.4,0.0,0.0,79.7
612,ZCTA5 02648,15.899999999999999,12.7,21.8,49.7
613,ZCTA5 02649,22.900000000000002,14.2,16.8,46.2
614,ZCTA5 02650,24.6,9.5,25.5,40.400000000000006
615,ZCTA5 02651,0.0,0.0,0.0,100.0
616,ZCTA5 02652,16.3,17.1,12.3,54.3
617,ZCTA5 02653,18.5,11.3,21.4,48.9
618,ZCTA5 02655,24.500000000000004,6.8,16.6,52.1
619,ZCTA5 02657,31.999999999999996,8.6,14.7,44.599999999999994
620,ZCTA5 02659,27.799999999999997,17.4,18.3,36.6
621,ZCTA5 02660,25.399999999999995,16.8,23.4,34.300000000000004
622,ZCTA5 02663,75.0,25.0,0.0,0.0
623,ZCTA5 02664,24.5,18.2,20.6,36.800000000000004
624,ZCTA5 02666,10.4,6.0,18.7,65.1
625,ZCTA5 02667,23.5,11.7,23.3,41.400000000000006
626,ZCTA5 02668,12.8,6.1,26.2,54.8
627,ZCTA5 02669,10.8,0.0,10.8,78.30000000000001
628,ZCTA5 02670,29.9,15.3,11.6,43.3
629,ZCTA5 02671,37.9,14.2,12.3,35.6
630,ZCTA5 02672,77.6,0.0,0.0,22.4
631,ZCTA5 02673,29.7,20.2,21.8,28.2
632,ZCTA5 02675,25.900000000000002,13.1,18.6,42.3
633,ZCTA5 02702,12.3,5.1,15.3,67.2
634,ZCTA5 02703,14.799999999999999,11.0,20.7,53.5
635,ZCTA5 02713,45.9,16.2,13.5,24.3
636,ZCTA5 02715,22.0,10.0,8.8,59.4
637,ZCTA5 02717,15.600000000000001,8.3,16.1,60.1
638,ZCTA5 02718,15.2,4.3,20.7,59.900000000000006
639,ZCTA5 02719,22.299999999999997,12.5,18.3,47.0
640,ZCTA5 02720,21.7,13.2,22.8,42.3
641,ZCTA5 02721,28.299999999999997,15.4,20.2,36.0
642,ZCTA5 02723,29.499999999999996,10.8,26.0,33.7
643,ZCTA5 02724,39.3,18.7,17.4,24.6
644,ZCTA5 02725,17.7,13.8,22.7,45.8
645,ZCTA5 02726,17.5,9.8,18.9,54.0
646,ZCTA5 02738,17.099999999999998,7.2,13.2,62.5
647,ZCTA5 02739,16.0,10.0,15.1,58.9
648,ZCTA5 02740,29.2,12.7,20.5,37.6
649,ZCTA5 02743,21.699999999999996,9.0,21.2,48.10000000000001
650,ZCTA5 02744,37.1,16.2,20.9,26.0
651,ZCTA5 02745,25.599999999999998,13.5,21.9,38.900000000000006
652,ZCTA5 02746,36.3,10.2,24.2,29.400000000000002
653,ZCTA5 02747,18.5,8.2,17.5,55.7
654,ZCTA5 02748,19.8,8.4,20.8,51.1
655,ZCTA5 02760,14.799999999999999,7.2,14.6,63.400000000000006
656,ZCTA5 02762,18.8,11.1,12.2,57.900000000000006
657,ZCTA5 02763,6.3,3.1,12.1,78.5
658,ZCTA5 02764,16.400000000000002,9.0,12.5,61.9
659,ZCTA5 02766,13.500000000000002,10.8,14.8,60.9
660,ZCTA5 02767,13.300000000000002,9.4,17.2,60.0
661,ZCTA5 02769,14.8,8.8,18.5,57.900000000000006
662,ZCTA5 02770,12.700000000000001,9.8,12.3,65.2
663,ZCTA5 02771,18.8,10.1,17.4,53.6
664,ZCTA5 02777,18.5,10.8,18.5,52.2
665,ZCTA5 02779,16.4,9.5,11.3,62.599999999999994
666,ZCTA5 02780,20.200000000000003,12.3,20.3,47.4
667,ZCTA5 02790,15.5,8.8,18.1,57.49999999999999
668,ZCTA5 02791,29.2,0.0,25.0,45.8
669,ZCTA5 02802,9.8,25.0,0.0,65.3
670,ZCTA5 02804,11.3,18.1,22.7,47.8
671,ZCTA5 02806,11.499999999999998,6.9,10.7,70.9
672,ZCTA5 02807,11.5,4.9,17.1,66.4
673,ZCTA5 02808,6.2,12.6,27.2,54.0
674,ZCTA5 02809,20.5,9.8,17.4,52.2
675,ZCTA5 02812,11.1,4.9,19.7,64.4
676,ZCTA5 02813,20.099999999999998,12.4,17.2,50.199999999999996
677,ZCTA5 02814,13.799999999999997,8.6,18.7,59.00000000000001
678,ZCTA5 02815,0.0,0.0,32.9,67.1
679,ZCTA5 02816,18.4,10.2,22.5,48.6
680,ZCTA5 02817,18.499999999999996,5.2,16.9,59.4
681,ZCTA5 02818,12.500000000000002,8.0,15.2,64.3
682,ZCTA5 02822,9.8,7.3,14.7,68.3
683,ZCTA5 02825,7.500000000000001,5.8,22.2,64.5
684,ZCTA5 02826,40.2,0.0,33.7,26.1
685,ZCTA5 02827,13.799999999999999,13.4,17.8,55.099999999999994
686,ZCTA5 02828,14.400000000000002,9.3,17.6,58.7
687,ZCTA5 02830,16.5,5.3,17.6,60.5
688,ZCTA5 02831,10.9,11.5,12.2,65.39999999999999
689,ZCTA5 02832,8.1,8.4,22.8,60.7
690,ZCTA5 02833,9.8,20.6,41.1,28.5
691,ZCTA5 02835,14.0,10.3,14.7,61.0
692,ZCTA5 02836,26.5,0.0,34.7,38.8
693,ZCTA5 02837,14.499999999999998,10.6,11.7,63.099999999999994
694,ZCTA5 02838,18.8,7.2,25.5,48.5
695,ZCTA5 02839,14.7,14.2,16.0,55.1
696,ZCTA5 02840,14.0,8.9,16.4,60.800000000000004
697,ZCTA5 02841,0.0,0.0,0.0,0.0
698,ZCTA5 02842,11.5,8.6,20.6,59.1
699,ZCTA5 02852,13.700000000000001,8.6,15.1,62.6
700,ZCTA5 02857,14.500000000000002,12.1,15.9,57.4
701,ZCTA5 02858,18.4,9.8,21.2,50.5
702,ZCTA5 02859,15.600000000000001,10.3,21.7,52.400000000000006
703,ZCTA5 02860,28.7,13.7,20.2,37.6
704,ZCTA5 02861,22.4,14.1,23.7,39.8
705,ZCTA5 02863,25.499999999999996,24.1,20.0,30.4
706,ZCTA5 02864,14.4,10.0,16.7,58.99999999999999
707,ZCTA5 02865,14.5,8.2,14.1,63.2
708,ZCTA5 02871,15.200000000000003,10.0,16.0,58.900000000000006
709,ZCTA5 02872,0.0,100.0,0.0,0.0
710,ZCTA5 02873,0.0,0.0,67.4,32.6
711,ZCTA5 02874,9.0,6.9,15.6,68.6
712,ZCTA5 02875,0.0,12.2,38.8,49.0
713,ZCTA5 02876,0.0,0.0,0.0,100.0
714,ZCTA5 02878,18.099999999999998,10.0,18.0,54.00000000000001
715,ZCTA5 02879,11.800000000000002,9.8,16.8,61.4
716,ZCTA5 02881,2.2,9.3,14.5,74.0
717,ZCTA5 02882,18.999999999999996,8.9,15.5,56.7
718,ZCTA5 02885,17.7,12.6,17.7,52.0
719,ZCTA5 02886,19.599999999999998,10.9,19.7,49.7
720,ZCTA5 02888,21.200000000000003,10.9,25.2,42.5
721,ZCTA5 02889,19.799999999999997,10.6,22.7,47.0
722,ZCTA5 02891,16.5,15.5,18.0,50.0
723,ZCTA5 02892,10.5,15.7,16.5,57.2
724,ZCTA5 02893,15.7,17.0,19.0,48.3
725,ZCTA5 02894,0.0,0.0,43.1,56.900000000000006
726,ZCTA5 02895,21.099999999999998,11.5,24.4,43.099999999999994
727,ZCTA5 02896,13.200000000000001,7.7,16.7,62.3
728,ZCTA5 02898,11.8,0.0,30.9,57.3
729,ZCTA5 02903,29.599999999999994,19.9,17.6,32.9
730,ZCTA5 02904,23.699999999999996,12.9,22.7,40.6
731,ZCTA5 02905,22.9,10.8,20.4,45.900000000000006
732,ZCTA5 02906,12.6,7.8,12.2,67.5
733,ZCTA5 02907,23.0,18.0,27.5,31.5
734,ZCTA5 02908,20.500000000000004,12.4,20.8,46.2
735,ZCTA5 02909,28.099999999999998,18.1,20.6,33.199999999999996
736,ZCTA5 02910,19.900000000000002,14.0,20.3,46.0
737,ZCTA5 02911,21.400000000000002,11.2,21.7,45.599999999999994
738,ZCTA5 02912,0.0,0.0,0.0,100.0
739,ZCTA5 02914,25.400000000000002,13.7,25.4,35.5
740,ZCTA5 02915,27.6,8.8,17.8,45.8
741,ZCTA5 02916,11.700000000000001,12.4,20.8,55.0
742,ZCTA5 02917,13.6,12.9,15.9,57.599999999999994
743,ZCTA5 02919,21.900000000000002,9.7,18.6,49.900000000000006
744,ZCTA5 02920,24.400000000000002,13.1,18.0,44.599999999999994
745,ZCTA5 02921,11.3,7.5,10.8,70.5
746,ZCTA5 03031,8.899999999999999,8.3,12.8,70.0
747,ZCTA5 03032,10.8,10.8,11.4,67.0
748,ZCTA5 03033,8.299999999999999,7.9,12.9,70.9
749,ZCTA5 03034,9.0,7.1,12.7,71.2
750,ZCTA5 03036,9.399999999999999,2.4,12.7,75.5
751,ZCTA5 03037,9.599999999999998,5.6,18.6,66.2
752,ZCTA5 03038,14.0,11.1,14.0,61.0
753,ZCTA5 03042,16.5,6.8,17.7,59.0
754,ZCTA5 03043,15.0,8.6,19.6,56.8
755,ZCTA5 03044,14.9,4.2,18.0,63.0
756,ZCTA5 03045,16.8,7.8,18.2,57.2
757,ZCTA5 03046,7.6,6.4,14.5,71.6
758,ZCTA5 03047,12.1,16.9,14.0,56.900000000000006
759,ZCTA5 03048,16.299999999999997,10.7,25.6,47.5
760,ZCTA5 03049,7.6,9.9,12.6,69.9
761,ZCTA5 03051,11.4,10.6,16.3,61.699999999999996
762,ZCTA5 03052,5.6,7.3,17.5,69.6
763,ZCTA5 03053,10.100000000000001,7.6,13.3,68.9
764,ZCTA5 03054,9.5,7.4,18.5,64.6
765,ZCTA5 03055,12.799999999999999,11.0,13.2,62.9
766,ZCTA5 03057,7.2,4.3,15.2,73.3
767,ZCTA5 03060,22.099999999999998,10.1,17.3,50.6
768,ZCTA5 03062,13.4,8.3,15.1,63.3
769,ZCTA5 03063,13.799999999999999,8.5,16.9,60.900000000000006
770,ZCTA5 03064,12.1,7.4,14.7,65.7
771,ZCTA5 03070,6.4,4.9,14.1,74.6
772,ZCTA5 03071,11.9,6.4,21.0,60.8
773,ZCTA5 03076,8.9,7.6,15.8,67.7
774,ZCTA5 03077,20.2,11.1,22.1,46.7
775,ZCTA5 03079,16.1,11.3,13.6,58.9
776,ZCTA5 03082,13.999999999999998,13.1,12.9,60.1
777,ZCTA5 03084,28.300000000000004,12.7,13.2,45.699999999999996
778,ZCTA5 03086,21.9,11.4,16.4,50.3
779,ZCTA5 03087,8.500000000000002,6.0,9.0,76.3
780,ZCTA5 03101,6.0,0.0,28.4,65.5
781,ZCTA5 03102,18.6,12.2,22.7,46.5
782,ZCTA5 03103,17.7,13.2,27.0,42.0
783,ZCTA5 03104,12.700000000000001,8.2,22.1,56.9
784,ZCTA5 03106,14.1,8.9,15.5,61.5
785,ZCTA5 03109,9.9,12.4,22.2,55.5
786,ZCTA5 03110,6.6000000000000005,6.1,8.9,78.4
787,ZCTA5 03215,40.9,3.1,12.4,43.5
788,ZCTA5 03216,10.3,19.3,21.2,49.199999999999996
789,ZCTA5 03217,20.1,30.8,18.4,30.6
790,ZCTA5 03218,12.8,5.2,14.3,67.8
791,ZCTA5 03220,25.200000000000003,5.7,28.7,40.4
792,ZCTA5 03221,16.0,17.1,25.0,41.8
793,ZCTA5 03222,29.5,15.2,19.0,36.199999999999996
794,ZCTA5 03223,39.3,14.5,14.9,31.400000000000002
795,ZCTA5 03224,8.6,10.1,16.6,65.0
796,ZCTA5 03225,20.300000000000004,10.1,28.8,40.9
797,ZCTA5 03226,20.700000000000003,12.4,25.4,41.39999999999999
798,ZCTA5 03227,24.8,10.4,27.2,37.5
799,ZCTA5 03229,9.399999999999999,7.6,23.5,59.5
800,ZCTA5 03230,25.5,19.5,15.3,39.900000000000006
801,ZCTA5 03231,35.7,3.6,11.9,48.89999999999999
802,ZCTA5 03233,28.6,0.0,0.0,71.5
803,ZCTA5 03234,20.099999999999998,7.3,17.1,55.400000000000006
804,ZCTA5 03235,22.799999999999997,15.4,25.7,36.099999999999994
805,ZCTA5 03237,24.8,12.3,22.2,40.5
806,ZCTA5 03238,0.0,40.0,36.0,24.0
807,ZCTA5 03240,29.8,23.7,14.1,32.4
808,ZCTA5 03241,35.3,12.2,21.6,30.9
809,ZCTA5 03242,5.3,8.2,19.0,67.3
810,ZCTA5 03243,29.4,13.3,13.3,43.900000000000006
811,ZCTA5 03244,22.4,12.8,24.7,40.1
812,ZCTA5 03245,26.3,16.0,15.8,41.9
813,ZCTA5 03246,22.400000000000002,14.9,18.7,44.099999999999994
814,ZCTA5 03249,23.0,6.9,27.0,43.099999999999994
815,ZCTA5 03251,31.8,19.3,27.3,21.6
816,ZCTA5 03253,22.3,12.0,13.7,52.1
817,ZCTA5 03254,14.3,19.2,23.3,43.2
818,ZCTA5 03255,23.0,10.1,22.3,44.7
819,ZCTA5 03256,19.9,13.3,26.1,40.800000000000004
820,ZCTA5 03257,14.1,12.0,14.4,59.599999999999994
821,ZCTA5 03258,19.400000000000002,7.6,19.1,53.900000000000006
822,ZCTA5 03259,27.899999999999995,11.8,21.3,38.99999999999999
823,ZCTA5 03260,25.799999999999997,8.2,22.5,43.4
824,ZCTA5 03261,19.4,13.7,21.7,45.199999999999996
825,ZCTA5 03262,28.8,16.3,11.4,43.5
826,ZCTA5 03263,20.5,15.2,18.0,46.300000000000004
827,ZCTA5 03264,28.1,13.0,18.2,40.6
828,ZCTA5 03266,32.6,18.5,19.5,29.4
829,ZCTA5 03268,12.4,19.1,30.7,37.8
830,ZCTA5 03269,14.0,19.7,26.4,39.900000000000006
831,ZCTA5 03273,24.2,8.3,25.0,42.5
832,ZCTA5 03275,16.700000000000003,9.8,21.4,52.2
833,ZCTA5 03276,21.499999999999996,14.0,27.0,37.6
834,ZCTA5 03278,12.3,17.1,22.9,47.7
835,ZCTA5 03279,40.6,18.1,24.2,16.9
836,ZCTA5 03280,29.900000000000002,12.9,22.4,34.800000000000004
837,ZCTA5 03281,7.9,4.6,27.2,60.4
838,ZCTA5 03282,29.9,21.8,24.6,23.6
839,ZCTA5 03284,18.1,14.6,26.5,40.8
840,ZCTA5 03285,27.4,16.3,26.7,29.6
841,ZCTA5 03287,19.7,17.2,10.9,52.1
842,ZCTA5 03290,8.6,6.3,26.1,58.89999999999999
843,ZCTA5 03291,0.0,0.0,0.0,100.0
844,ZCTA5 03293,46.50000000000001,16.3,37.2,0.0
845,ZCTA5 03301,17.5,11.9,16.4,54.2
846,ZCTA5 03303,17.1,14.0,23.1,46.0
847,ZCTA5 03304,7.7,3.8,12.1,76.4
848,ZCTA5 03307,10.899999999999999,13.3,21.2,54.7
849,ZCTA5 03431,20.700000000000003,12.3,19.4,47.7
850,ZCTA5 03440,18.200000000000003,7.0,25.7,49.2
851,ZCTA5 03441,5.8,26.8,0.0,67.4
852,ZCTA5 03442,20.0,13.3,24.8,41.9
853,ZCTA5 03443,19.3,26.4,18.9,35.400000000000006
854,ZCTA5 03444,17.1,11.7,27.3,44.0
855,ZCTA5 03445,24.1,11.4,19.1,45.4
856,ZCTA5 03446,19.5,17.8,22.6,40.1
857,ZCTA5 03447,22.0,15.7,17.6,44.7
858,ZCTA5 03448,21.7,28.6,19.4,30.5
859,ZCTA5 03449,18.200000000000003,7.9,16.7,57.2
860,ZCTA5 03450,20.9,19.4,14.7,44.9
861,ZCTA5 03451,27.400000000000002,14.3,28.1,30.000000000000004
862,ZCTA5 03452,20.1,6.8,26.3,46.8
863,ZCTA5 03455,14.7,14.0,19.3,52.0
864,ZCTA5 03456,18.2,21.2,25.6,35.1
865,ZCTA5 03457,27.2,6.3,11.1,55.4
866,ZCTA5 03458,23.599999999999994,10.0,13.9,52.599999999999994
867,ZCTA5 03461,22.400000000000002,8.3,17.9,51.4
868,ZCTA5 03462,10.3,14.6,15.9,59.3
869,ZCTA5 03464,22.5,17.2,26.0,34.3
870,ZCTA5 03465,23.4,13.9,21.8,40.9
871,ZCTA5 03466,4.3,13.8,17.4,64.5
872,ZCTA5 03467,9.200000000000001,14.9,16.6,59.3
873,ZCTA5 03470,30.000000000000004,16.9,23.3,29.799999999999997
874,ZCTA5 03561,22.3,14.3,25.7,37.7
875,ZCTA5 03570,28.9,17.5,24.4,29.299999999999997
876,ZCTA5 03574,22.599999999999998,16.6,29.8,31.0
877,ZCTA5 03575,42.3,15.4,15.4,26.9
878,ZCTA5 03576,42.0,15.9,15.5,26.6
879,ZCTA5 03579,47.7,15.7,13.3,23.3
880,ZCTA5 03580,15.8,14.8,16.3,53.099999999999994
881,ZCTA5 03581,15.500000000000002,24.7,19.5,40.2
882,ZCTA5 03582,37.099999999999994,18.0,28.0,16.8
883,ZCTA5 03583,25.3,22.0,16.5,36.1
884,ZCTA5 03584,38.599999999999994,8.5,24.5,28.4
885,ZCTA5 03585,27.8,18.7,23.1,30.5
886,ZCTA5 03586,12.699999999999998,15.0,16.9,55.49999999999999
887,ZCTA5 03588,26.400000000000006,11.7,27.6,34.2
888,ZCTA5 03590,46.80000000000001,27.5,12.7,13.0
889,ZCTA5 03592,40.099999999999994,18.2,16.1,25.6
890,ZCTA5 03593,21.7,9.1,25.1,44.0
891,ZCTA5 03595,27.900000000000002,14.7,20.1,37.3
892,ZCTA5 03597,37.699999999999996,35.1,17.5,9.7
893,ZCTA5 03598,25.499999999999996,15.6,32.9,26.2
894,ZCTA5 03601,30.5,11.9,28.4,29.0
895,ZCTA5 03602,18.7,13.0,32.0,36.4
896,ZCTA5 03603,26.9,15.5,31.3,26.300000000000004
897,ZCTA5 03604,29.5,0.0,28.2,42.3
898,ZCTA5 03605,22.6,15.6,24.7,37.2
899,ZCTA5 03607,61.4,3.2,25.8,9.7
900,ZCTA5 03608,19.8,14.4,26.0,39.800000000000004
901,ZCTA5 03609,23.8,13.3,18.5,44.300000000000004
902,ZCTA5 03740,40.6,12.7,24.1,22.599999999999998
903,ZCTA5 03741,26.700000000000003,14.6,17.7,41.0
904,ZCTA5 03743,25.5,16.0,20.6,37.900000000000006
905,ZCTA5 03745,21.9,8.6,22.1,47.2
906,ZCTA5 03746,22.2,12.7,12.7,52.4
907,ZCTA5 03748,13.099999999999998,11.8,20.1,55.0
908,ZCTA5 03750,9.2,3.9,3.9,83.0
909,ZCTA5 03751,11.4,4.5,10.8,73.3
910,ZCTA5 03752,27.199999999999996,18.7,19.4,34.900000000000006
911,ZCTA5 03753,8.700000000000001,15.3,14.6,61.5
912,ZCTA5 03754,0.0,0.0,0.0,0.0
913,ZCTA5 03755,14.700000000000001,2.5,7.7,75.1
914,ZCTA5 03765,55.4,0.0,9.0,35.5
915,ZCTA5 03766,17.5,12.9,18.1,51.50000000000001
916,ZCTA5 03768,12.2,3.6,14.6,69.5
917,ZCTA5 03770,8.0,10.7,4.0,77.1
918,ZCTA5 03771,28.7,18.6,12.5,40.099999999999994
919,ZCTA5 03773,24.1,13.6,24.5,37.9
920,ZCTA5 03774,28.8,25.2,13.7,32.2
921,ZCTA5 03777,11.899999999999999,6.6,21.2,60.2
922,ZCTA5 03779,14.2,12.6,10.9,62.099999999999994
923,ZCTA5 03780,17.0,36.3,17.7,29.1
924,ZCTA5 03781,14.899999999999999,7.2,17.2,60.6
925,ZCTA5 03782,14.299999999999999,10.5,25.8,49.300000000000004
926,ZCTA5 03784,15.3,9.2,16.9,58.599999999999994
927,ZCTA5 03785,25.9,19.4,33.1,21.4
928,ZCTA5 03801,16.200000000000003,10.2,16.2,57.5
929,ZCTA5 03809,22.999999999999996,15.5,21.0,40.4
930,ZCTA5 03810,28.9,5.2,31.1,34.8
931,ZCTA5 03811,11.6,10.4,16.2,61.800000000000004
