,GEO.display-label,PoorFucks,HC02_EST_VC09,HC02_EST_VC10,RichFucks
1,ZCTA5 00601,73.89999999999999,11.7,8.2,6.2
2,ZCTA5 00602,74.2,12.0,9.0,4.9
3,ZCTA5 00603,67.7,14.2,10.8,7.199999999999999
4,ZCTA5 00606,83.4,14.1,2.4,0.0
5,ZCTA5 00610,76.7,10.7,9.3,3.4
6,ZCTA5 00612,68.2,11.9,13.0,7.0
7,ZCTA5 00616,80.7,10.5,3.1,5.6000000000000005
8,ZCTA5 00617,78.69999999999999,8.6,8.4,4.3
9,ZCTA5 00622,66.2,11.1,11.4,11.3
10,ZCTA5 00623,67.4,12.9,12.1,7.6
11,ZCTA5 00624,79.10000000000001,10.7,7.1,3.0999999999999996
12,ZCTA5 00627,71.0,14.0,9.8,5.300000000000001
13,ZCTA5 00631,84.3,9.7,6.1,0.0
14,ZCTA5 00637,75.6,12.2,9.3,2.9
15,ZCTA5 00638,79.80000000000001,10.3,8.4,1.5
16,ZCTA5 00641,71.8,13.0,10.6,4.5
17,ZCTA5 00646,54.699999999999996,14.9,15.6,14.7
18,ZCTA5 00647,84.49999999999999,8.9,5.0,1.7
19,ZCTA5 00650,79.4,12.6,6.7,1.5
20,ZCTA5 00652,71.3,10.4,9.6,8.7
21,ZCTA5 00653,80.8,12.2,3.0,4.0
22,ZCTA5 00656,76.39999999999999,11.4,8.4,3.8000000000000003
23,ZCTA5 00659,70.39999999999999,12.3,9.5,7.700000000000001
24,ZCTA5 00660,69.6,16.0,9.4,5.0
25,ZCTA5 00662,72.8,15.1,7.7,4.3
26,ZCTA5 00664,82.69999999999999,8.5,7.9,0.8
27,ZCTA5 00667,77.1,14.0,5.6,3.1999999999999997
28,ZCTA5 00669,78.0,11.4,8.0,2.6
29,ZCTA5 00670,77.3,12.8,7.7,2.1
30,ZCTA5 00674,67.0,13.4,11.1,8.4
31,ZCTA5 00676,75.3,12.8,9.0,2.8999999999999995
32,ZCTA5 00677,74.0,15.7,7.5,2.8
33,ZCTA5 00678,69.1,15.0,11.6,4.3
34,ZCTA5 00680,73.49999999999999,12.5,8.5,5.4
35,ZCTA5 00682,64.3,12.2,12.1,11.3
36,ZCTA5 00683,74.4,10.9,8.4,6.199999999999999
37,ZCTA5 00685,78.19999999999999,10.7,7.0,4.0
38,ZCTA5 00687,78.3,12.2,5.8,3.7
39,ZCTA5 00688,79.6,11.4,7.5,1.4
40,ZCTA5 00690,69.80000000000001,12.9,11.5,5.7
41,ZCTA5 00692,68.1,13.2,9.8,9.0
42,ZCTA5 00693,72.30000000000001,11.1,10.3,6.3999999999999995
43,ZCTA5 00694,100.0,0.0,0.0,0.0
44,ZCTA5 00698,75.2,11.6,8.4,4.6
45,ZCTA5 00703,76.6,12.5,6.7,4.1
46,ZCTA5 00704,79.89999999999999,7.6,10.9,1.6
47,ZCTA5 00705,75.0,10.4,12.2,2.4000000000000004
48,ZCTA5 00707,79.3,10.8,8.6,1.3
49,ZCTA5 00714,82.1,9.8,6.7,1.3
50,ZCTA5 00715,82.3,6.8,6.5,4.4
51,ZCTA5 00716,62.6,13.5,11.1,12.799999999999999
52,ZCTA5 00717,64.5,14.3,14.2,7.0
53,ZCTA5 00718,71.3,13.9,11.3,3.4000000000000004
54,ZCTA5 00719,75.8,11.0,8.4,4.699999999999999
55,ZCTA5 00720,80.4,12.1,6.4,0.9999999999999999
56,ZCTA5 00723,78.0,11.6,8.9,1.5
57,ZCTA5 00725,59.8,13.6,14.4,12.2
58,ZCTA5 00727,52.6,13.8,15.2,18.3
59,ZCTA5 00728,69.4,13.0,11.2,6.300000000000001
60,ZCTA5 00729,63.80000000000001,17.0,10.8,8.5
61,ZCTA5 00730,71.7,11.4,7.8,9.1
62,ZCTA5 00731,74.6,13.1,7.1,5.3
63,ZCTA5 00735,71.10000000000001,17.8,6.6,4.5
64,ZCTA5 00736,62.800000000000004,14.7,10.6,11.900000000000002
65,ZCTA5 00738,66.5,16.0,12.0,5.5
66,ZCTA5 00739,59.9,13.6,14.4,12.0
67,ZCTA5 00740,72.9,13.1,8.6,5.6
68,ZCTA5 00741,74.6,16.6,7.4,1.4
69,ZCTA5 00745,60.7,19.0,13.5,6.9
70,ZCTA5 00751,75.89999999999999,12.7,7.7,3.6999999999999997
71,ZCTA5 00754,71.8,11.5,10.5,6.1
72,ZCTA5 00757,70.3,10.8,11.5,7.3999999999999995
73,ZCTA5 00765,76.2,18.5,5.4,0.0
74,ZCTA5 00766,72.10000000000001,12.8,10.0,5.1
75,ZCTA5 00767,76.10000000000001,12.7,8.3,2.9
76,ZCTA5 00769,70.1,14.8,9.3,5.6000000000000005
77,ZCTA5 00771,66.2,14.8,10.9,8.1
78,ZCTA5 00772,73.4,15.0,9.0,2.8000000000000003
79,ZCTA5 00773,66.10000000000001,14.2,11.3,8.5
80,ZCTA5 00775,79.1,8.7,8.1,4.2
81,ZCTA5 00777,69.30000000000001,13.4,12.5,4.7
82,ZCTA5 00778,51.699999999999996,13.3,15.5,19.5
83,ZCTA5 00780,61.7,8.3,13.4,16.5
84,ZCTA5 00782,76.6,12.1,8.2,3.1
85,ZCTA5 00783,76.1,11.9,9.2,2.9
86,ZCTA5 00784,72.5,13.3,9.8,4.5
87,ZCTA5 00786,91.5,8.5,0.0,0.0
88,ZCTA5 00791,67.2,11.4,12.3,9.200000000000001
89,ZCTA5 00794,74.79999999999998,13.8,7.9,3.5
90,ZCTA5 00795,70.60000000000001,12.7,12.0,4.9
91,ZCTA5 00901,50.7,7.0,5.4,36.8
92,ZCTA5 00906,61.300000000000004,11.4,0.0,27.2
93,ZCTA5 00907,44.800000000000004,12.6,15.2,27.4
94,ZCTA5 00909,57.30000000000001,10.5,14.7,17.6
95,ZCTA5 00911,43.7,13.5,19.2,23.5
96,ZCTA5 00912,54.9,12.6,16.1,16.2
97,ZCTA5 00913,46.300000000000004,5.7,17.5,30.5
98,ZCTA5 00915,78.9,14.0,4.2,2.9
99,ZCTA5 00917,66.9,13.5,8.8,10.7
100,ZCTA5 00918,33.1,18.1,19.2,29.599999999999998
101,ZCTA5 00920,56.0,19.2,12.6,12.0
102,ZCTA5 00921,53.0,18.2,16.7,12.200000000000001
103,ZCTA5 00923,64.4,14.8,11.0,9.899999999999999
104,ZCTA5 00924,53.8,16.4,18.9,11.0
105,ZCTA5 00925,63.8,19.9,8.5,7.700000000000001
106,ZCTA5 00926,42.6,13.0,15.9,28.5
107,ZCTA5 00927,36.6,13.4,15.7,34.2
108,ZCTA5 00934,0.0,0.0,0.0,0.0
109,ZCTA5 00936,0.0,0.0,0.0,0.0
110,ZCTA5 00949,57.5,17.0,15.5,9.9
111,ZCTA5 00950,0.0,0.0,0.0,0.0
112,ZCTA5 00951,100.0,0.0,0.0,0.0
113,ZCTA5 00952,71.39999999999999,13.5,9.9,5.199999999999999
114,ZCTA5 00953,50.300000000000004,13.9,17.2,18.700000000000003
115,ZCTA5 00956,62.699999999999996,17.3,13.0,7.1
116,ZCTA5 00957,57.0,18.2,15.0,9.9
117,ZCTA5 00959,47.5,20.1,17.0,15.4
118,ZCTA5 00960,0.0,0.0,0.0,0.0
119,ZCTA5 00961,44.9,15.6,17.9,21.4
120,ZCTA5 00962,64.1,15.8,12.5,7.5
121,ZCTA5 00965,75.50000000000001,17.5,5.3,1.8
122,ZCTA5 00966,29.500000000000004,12.4,14.3,43.8
123,ZCTA5 00968,33.199999999999996,15.1,16.7,34.8
124,ZCTA5 00969,28.8,12.3,16.9,42.1
125,ZCTA5 00971,63.8,12.1,12.0,12.2
126,ZCTA5 00976,47.1,16.3,16.8,19.8
127,ZCTA5 00979,43.4,14.0,19.3,23.4
128,ZCTA5 00982,55.5,20.8,13.3,10.3
129,ZCTA5 00983,51.699999999999996,18.3,19.6,10.399999999999999
130,ZCTA5 00985,57.4,15.5,16.7,10.4
131,ZCTA5 00987,47.8,17.1,19.9,15.3
132,ZCTA5 01001,18.400000000000002,11.9,19.9,49.8
133,ZCTA5 01002,13.3,5.4,13.9,67.5
134,ZCTA5 01003,0.0,0.0,0.0,0.0
135,ZCTA5 01005,16.900000000000002,8.9,22.5,51.6
136,ZCTA5 01007,14.2,8.8,15.6,61.400000000000006
137,ZCTA5 01008,18.800000000000004,9.4,24.5,47.3
138,ZCTA5 01009,36.7,18.0,23.4,21.9
139,ZCTA5 01010,16.799999999999997,9.9,9.0,64.2
140,ZCTA5 01011,16.099999999999998,11.9,20.3,51.7
141,ZCTA5 01012,13.7,21.7,29.2,35.4
142,ZCTA5 01013,25.799999999999997,15.7,25.1,33.5
143,ZCTA5 01020,18.8,12.0,20.6,48.6
144,ZCTA5 01022,30.8,19.1,22.1,28.0
145,ZCTA5 01026,27.7,12.5,25.5,34.4
146,ZCTA5 01027,19.900000000000002,8.4,22.7,49.00000000000001
147,ZCTA5 01028,15.799999999999999,6.8,15.3,62.0
148,ZCTA5 01029,30.6,14.2,14.5,40.7
149,ZCTA5 01030,21.8,7.5,19.3,51.4
150,ZCTA5 01031,28.9,14.6,20.8,35.6
151,ZCTA5 01032,27.500000000000004,13.1,21.4,38.099999999999994
152,ZCTA5 01033,9.5,7.7,13.9,68.8
153,ZCTA5 01034,15.100000000000001,8.6,18.0,58.3
154,ZCTA5 01035,18.900000000000002,10.2,20.6,50.3
155,ZCTA5 01036,12.4,7.9,20.3,59.3
156,ZCTA5 01037,23.5,0.0,11.7,64.8
157,ZCTA5 01038,14.0,12.7,21.1,52.1
158,ZCTA5 01039,21.200000000000003,8.1,14.4,56.400000000000006
159,ZCTA5 01040,20.9,12.9,19.5,46.599999999999994
160,ZCTA5 01050,20.2,14.0,20.8,44.9
161,ZCTA5 01053,19.7,15.8,14.4,50.199999999999996
162,ZCTA5 01054,16.400000000000002,6.9,18.3,58.5
163,ZCTA5 01056,22.800000000000004,8.9,20.8,47.5
164,ZCTA5 01057,16.1,10.8,20.9,52.0
165,ZCTA5 01060,19.200000000000003,12.4,15.7,52.6
166,ZCTA5 01062,15.600000000000001,9.6,17.0,57.8
167,ZCTA5 01063,0.0,0.0,0.0,0.0
168,ZCTA5 01066,0.0,0.0,0.0,0.0
169,ZCTA5 01068,14.2,11.8,15.6,58.400000000000006
170,ZCTA5 01069,15.799999999999999,13.6,22.6,48.099999999999994
171,ZCTA5 01070,27.200000000000003,12.4,25.8,34.6
172,ZCTA5 01071,14.299999999999999,11.0,23.0,51.699999999999996
173,ZCTA5 01072,19.6,11.9,18.8,49.7
174,ZCTA5 01073,22.500000000000004,5.1,12.1,60.5
175,ZCTA5 01074,0.0,0.0,0.0,100.0
176,ZCTA5 01075,20.3,10.3,20.1,49.5
177,ZCTA5 01077,15.300000000000002,7.9,17.1,59.6
178,ZCTA5 01079,33.3,23.2,10.7,32.7
179,ZCTA5 01080,35.7,12.4,23.5,28.400000000000002
180,ZCTA5 01081,34.4,11.0,21.4,33.1
181,ZCTA5 01082,24.7,13.1,23.7,38.5
182,ZCTA5 01083,41.6,5.2,7.0,46.099999999999994
183,ZCTA5 01084,31.9,20.8,15.3,31.900000000000002
184,ZCTA5 01085,17.599999999999998,9.5,18.1,54.8
185,ZCTA5 01086,0.0,0.0,0.0,0.0
186,ZCTA5 01088,18.700000000000003,23.3,23.3,34.699999999999996
187,ZCTA5 01089,22.799999999999997,11.1,19.2,46.900000000000006
188,ZCTA5 01092,23.099999999999998,8.5,17.3,51.2
189,ZCTA5 01093,17.099999999999998,7.7,15.4,59.9
190,ZCTA5 01094,0.0,8.7,14.5,76.8
191,ZCTA5 01095,18.099999999999998,8.0,10.4,63.5
192,ZCTA5 01096,15.799999999999997,12.6,17.9,53.699999999999996
193,ZCTA5 01097,0.0,0.0,0.0,0.0
194,ZCTA5 01098,16.9,10.3,26.8,45.900000000000006
195,ZCTA5 01103,39.6,13.9,17.4,29.200000000000003
196,ZCTA5 01104,29.0,14.9,22.7,33.3
197,ZCTA5 01105,41.0,10.2,9.2,39.6
198,ZCTA5 01106,11.499999999999998,6.2,12.1,70.3
199,ZCTA5 01107,31.5,18.0,16.2,34.199999999999996
200,ZCTA5 01108,22.599999999999998,14.0,22.5,40.900000000000006
201,ZCTA5 01109,29.1,20.8,22.8,27.299999999999997
202,ZCTA5 01118,16.400000000000002,15.3,22.5,45.7
203,ZCTA5 01119,31.2,12.5,21.3,35.0
204,ZCTA5 01128,20.000000000000004,9.1,23.0,47.8
205,ZCTA5 01129,20.900000000000002,13.6,25.9,39.599999999999994
206,ZCTA5 01151,33.900000000000006,12.0,25.0,29.0
207,ZCTA5 01199,0.0,0.0,0.0,0.0
208,ZCTA5 01201,25.2,14.5,20.8,39.6
209,ZCTA5 01220,23.0,17.5,20.1,39.400000000000006
210,ZCTA5 01222,13.1,4.9,21.1,60.900000000000006
211,ZCTA5 01223,23.9,12.5,21.6,41.900000000000006
212,ZCTA5 01224,44.4,0.0,38.9,16.7
213,ZCTA5 01225,24.0,16.3,22.3,37.5
214,ZCTA5 01226,26.0,19.9,17.6,36.5
215,ZCTA5 01229,60.8,0.0,11.8,27.400000000000002
216,ZCTA5 01230,21.400000000000002,12.4,17.5,48.8
217,ZCTA5 01235,19.599999999999998,13.4,28.0,38.900000000000006
218,ZCTA5 01236,24.1,11.4,22.3,42.1
219,ZCTA5 01237,18.1,9.8,21.8,50.2
220,ZCTA5 01238,17.1,6.4,24.0,52.5
221,ZCTA5 01240,31.4,9.1,12.9,46.6
222,ZCTA5 01242,0.0,32.9,17.7,49.4
223,ZCTA5 01243,16.8,7.8,23.5,51.8
224,ZCTA5 01244,56.800000000000004,0.0,0.0,43.1
225,ZCTA5 01245,23.099999999999998,16.8,18.2,41.900000000000006
226,ZCTA5 01247,27.199999999999996,17.2,22.4,33.3
227,ZCTA5 01253,25.099999999999998,5.5,24.1,45.400000000000006
228,ZCTA5 01254,12.0,12.0,17.3,58.6
229,ZCTA5 01255,23.599999999999998,9.6,24.5,42.4
230,ZCTA5 01256,32.800000000000004,11.9,20.2,35.099999999999994
231,ZCTA5 01257,28.800000000000004,15.7,10.5,45.0
232,ZCTA5 01258,21.1,7.6,31.6,39.8
233,ZCTA5 01259,11.900000000000002,17.3,19.9,50.900000000000006
234,ZCTA5 01260,40.3,11.7,22.1,26.0
235,ZCTA5 01262,28.099999999999998,8.3,13.5,50.1
236,ZCTA5 01264,24.1,3.7,24.1,48.2
237,ZCTA5 01266,19.3,12.7,13.0,55.0
238,ZCTA5 01267,19.099999999999998,7.1,14.7,59.3
239,ZCTA5 01270,18.5,11.5,20.8,49.0
240,ZCTA5 01301,17.499999999999996,15.2,25.2,42.0
241,ZCTA5 01330,14.999999999999998,8.8,16.9,59.4
242,ZCTA5 01331,23.700000000000003,14.1,21.2,41.0
243,ZCTA5 01337,18.599999999999998,12.5,24.5,44.4
244,ZCTA5 01338,26.0,14.5,23.2,36.1
245,ZCTA5 01339,21.3,16.2,24.7,37.800000000000004
246,ZCTA5 01340,28.700000000000003,13.3,26.8,31.200000000000003
247,ZCTA5 01341,13.500000000000002,12.1,20.2,54.3
248,ZCTA5 01342,11.5,29.8,8.2,50.7
249,ZCTA5 01343,18.5,0.0,3.7,77.8
250,ZCTA5 01344,14.6,16.3,26.7,42.5
251,ZCTA5 01346,20.6,16.8,17.8,44.8
252,ZCTA5 01347,34.1,36.4,29.5,0.0
253,ZCTA5 01349,27.099999999999998,4.6,28.5,39.9
254,ZCTA5 01350,59.0,2.6,23.1,15.399999999999999
255,ZCTA5 01351,19.4,13.7,14.3,52.7
256,ZCTA5 01354,15.4,10.3,21.0,53.3
257,ZCTA5 01355,22.400000000000002,10.1,20.0,47.39999999999999
258,ZCTA5 01360,11.899999999999999,9.0,23.1,56.0
259,ZCTA5 01364,32.099999999999994,14.6,25.1,28.299999999999997
260,ZCTA5 01366,24.0,13.1,14.8,48.1
261,ZCTA5 01367,35.4,10.3,24.9,29.5
262,ZCTA5 01368,20.5,19.2,16.2,43.9
263,ZCTA5 01370,21.3,14.6,18.8,45.3
264,ZCTA5 01373,17.7,9.0,18.3,55.099999999999994
265,ZCTA5 01375,16.2,19.0,16.8,47.9
266,ZCTA5 01376,20.8,14.8,26.8,37.400000000000006
267,ZCTA5 01378,30.200000000000003,6.3,23.4,40.1
268,ZCTA5 01379,31.1,19.7,25.1,24.2
269,ZCTA5 01420,21.8,10.0,18.1,50.00000000000001
270,ZCTA5 01430,11.1,9.2,15.1,64.6
271,ZCTA5 01431,12.600000000000001,11.1,17.2,58.900000000000006
272,ZCTA5 01432,7.8,8.4,19.3,64.39999999999999
273,ZCTA5 01434,0.0,11.3,13.4,75.4
274,ZCTA5 01436,16.900000000000002,12.8,17.4,53.0
275,ZCTA5 01438,22.5,0.0,58.9,18.6
276,ZCTA5 01440,22.4,13.4,26.8,37.4
277,ZCTA5 01450,11.2,5.6,8.9,74.2
278,ZCTA5 01451,9.2,7.4,5.4,78.0
279,ZCTA5 01452,12.7,8.9,18.8,59.6
280,ZCTA5 01453,16.9,8.1,18.4,56.6
281,ZCTA5 01460,13.6,2.6,12.0,71.80000000000001
282,ZCTA5 01462,16.200000000000003,10.8,15.6,57.3
283,ZCTA5 01463,15.5,6.2,16.9,61.3
284,ZCTA5 01464,21.099999999999998,3.9,19.3,55.699999999999996
285,ZCTA5 01467,0.0,0.0,0.0,99.9
286,ZCTA5 01468,20.599999999999998,10.2,20.2,49.10000000000001
287,ZCTA5 01469,10.9,5.2,20.7,63.2
288,ZCTA5 01473,12.700000000000001,6.5,13.7,67.1
289,ZCTA5 01474,8.9,3.7,19.4,68.0
290,ZCTA5 01475,13.100000000000001,22.3,13.8,50.900000000000006
291,ZCTA5 01501,17.8,8.8,18.3,55.1
292,ZCTA5 01503,10.799999999999999,8.7,16.0,64.4
293,ZCTA5 01504,9.3,7.8,19.4,63.599999999999994
294,ZCTA5 01505,10.8,7.0,16.7,65.4
295,ZCTA5 01506,24.2,10.2,21.0,44.6
296,ZCTA5 01507,14.499999999999998,6.5,13.1,65.9
297,ZCTA5 01510,15.1,12.0,16.9,56.0
298,ZCTA5 01515,22.2,7.3,19.4,51.099999999999994
299,ZCTA5 01516,11.4,5.3,15.7,67.7
300,ZCTA5 01518,15.9,12.7,12.7,58.5
301,ZCTA5 01519,10.3,5.5,10.7,73.6
302,ZCTA5 01520,10.8,6.6,16.9,65.8
303,ZCTA5 01521,17.6,11.6,20.3,50.6
304,ZCTA5 01522,8.3,9.5,10.2,72.0
305,ZCTA5 01523,10.6,11.6,11.6,66.19999999999999
306,ZCTA5 01524,13.4,12.9,25.6,48.1
307,ZCTA5 01525,24.0,20.0,0.0,56.0
308,ZCTA5 01527,20.2,5.5,17.2,57.2
309,ZCTA5 01529,15.5,6.9,16.2,61.4
310,ZCTA5 01531,10.9,7.9,24.7,56.400000000000006
311,ZCTA5 01532,9.200000000000001,7.3,12.7,70.9
312,ZCTA5 01534,4.9,7.8,13.7,73.5
313,ZCTA5 01535,17.8,10.3,12.9,58.9
314,ZCTA5 01536,17.3,6.3,16.3,60.2
315,ZCTA5 01537,19.6,13.6,16.4,50.400000000000006
316,ZCTA5 01540,16.9,10.7,17.3,55.099999999999994
317,ZCTA5 01541,6.6,6.7,13.4,73.3
318,ZCTA5 01542,15.7,3.8,17.4,63.1
319,ZCTA5 01543,10.6,8.5,14.3,66.6
320,ZCTA5 01545,11.3,6.7,11.6,70.69999999999999
321,ZCTA5 01550,20.2,12.3,23.5,44.1
322,ZCTA5 01560,7.7,8.9,12.4,71.1
323,ZCTA5 01561,0.0,0.0,0.0,0.0
324,ZCTA5 01562,18.5,6.6,15.2,59.7
325,ZCTA5 01564,11.099999999999998,5.0,17.1,66.8
326,ZCTA5 01566,15.2,4.9,17.7,62.2
327,ZCTA5 01568,4.6,5.3,7.2,82.9
328,ZCTA5 01569,12.7,6.9,16.5,63.900000000000006
329,ZCTA5 01570,21.2,11.7,20.6,46.3
330,ZCTA5 01571,20.099999999999998,11.1,17.5,51.3
331,ZCTA5 01581,7.8,4.0,13.8,74.3
332,ZCTA5 01583,12.700000000000003,9.6,27.3,50.3
333,ZCTA5 01585,20.5,11.6,19.3,48.60000000000001
334,ZCTA5 01588,20.0,7.7,18.7,53.599999999999994
335,ZCTA5 01590,7.8,6.4,14.1,71.7
336,ZCTA5 01602,17.699999999999996,9.5,18.6,54.2
337,ZCTA5 01603,20.5,13.0,18.3,48.0
338,ZCTA5 01604,25.000000000000004,12.6,20.8,41.8
339,ZCTA5 01605,20.0,8.7,24.2,47.2
340,ZCTA5 01606,18.700000000000003,9.4,19.5,52.3
341,ZCTA5 01607,16.299999999999997,14.9,19.1,49.599999999999994
342,ZCTA5 01608,0.0,12.8,57.4,29.8
343,ZCTA5 01609,12.2,7.9,17.2,62.6
344,ZCTA5 01610,23.400000000000002,19.6,20.7,36.3
345,ZCTA5 01611,14.6,11.8,9.1,64.5
346,ZCTA5 01612,8.1,8.8,21.9,61.3
347,ZCTA5 01701,11.5,7.3,13.0,68.2
348,ZCTA5 01702,16.499999999999996,6.4,16.6,60.7
349,ZCTA5 01718,0.0,9.7,10.4,79.80000000000001
350,ZCTA5 01719,11.2,9.5,10.9,68.6
351,ZCTA5 01720,6.200000000000001,4.0,9.0,80.8
352,ZCTA5 01721,9.9,7.3,12.2,70.6
353,ZCTA5 01730,4.9,6.2,12.1,76.7
354,ZCTA5 01731,0.0,0.0,100.0,0.0
355,ZCTA5 01740,9.6,2.9,9.8,77.7
356,ZCTA5 01741,7.999999999999999,3.0,8.1,80.80000000000001
357,ZCTA5 01742,9.899999999999999,3.8,6.4,80.0
358,ZCTA5 01745,13.0,13.7,8.9,64.5
359,ZCTA5 01746,6.5,7.1,10.2,76.1
360,ZCTA5 01747,15.599999999999998,5.7,16.8,61.900000000000006
361,ZCTA5 01748,7.700000000000001,3.7,7.6,81.0
362,ZCTA5 01749,17.200000000000003,9.2,14.4,59.3
363,ZCTA5 01752,14.4,8.3,17.1,60.1
364,ZCTA5 01754,10.299999999999999,6.3,11.8,71.5
365,ZCTA5 01756,10.7,3.5,12.2,73.6
366,ZCTA5 01757,13.8,8.8,16.4,61.0
367,ZCTA5 01760,11.5,7.3,11.4,69.8
368,ZCTA5 01770,6.9,3.5,8.0,81.6
369,ZCTA5 01772,6.199999999999999,5.9,8.7,79.30000000000001
370,ZCTA5 01773,6.5,3.1,9.8,80.7
371,ZCTA5 01775,11.699999999999998,6.2,11.6,70.3
372,ZCTA5 01776,5.799999999999999,3.5,4.0,86.7
373,ZCTA5 01778,11.3,4.2,6.0,78.6
374,ZCTA5 01801,14.0,6.9,16.6,62.4
375,ZCTA5 01803,13.199999999999998,6.7,13.5,66.5
376,ZCTA5 01810,7.2,5.8,9.6,77.30000000000001
377,ZCTA5 01821,11.0,9.6,11.9,67.6
378,ZCTA5 01824,10.8,8.8,11.9,68.5
379,ZCTA5 01826,15.8,6.5,19.0,58.599999999999994
380,ZCTA5 01827,9.299999999999999,8.4,7.7,74.6
381,ZCTA5 01830,14.1,8.7,16.7,60.4
382,ZCTA5 01832,18.6,9.0,18.9,53.400000000000006
383,ZCTA5 01833,6.5,7.9,11.2,74.5
384,ZCTA5 01834,9.400000000000002,13.0,14.9,62.7
385,ZCTA5 01835,11.299999999999999,9.6,21.2,57.699999999999996
386,ZCTA5 01840,10.6,11.6,28.4,49.5
387,ZCTA5 01841,27.599999999999994,12.1,24.2,36.099999999999994
388,ZCTA5 01843,25.200000000000003,11.1,18.9,44.8
389,ZCTA5 01844,15.0,9.9,14.6,60.50000000000001
390,ZCTA5 01845,7.8,6.1,11.2,75.0
391,ZCTA5 01850,22.5,11.3,23.1,43.2
392,ZCTA5 01851,19.799999999999997,11.4,17.6,51.0
393,ZCTA5 01852,17.1,11.6,20.3,51.1
394,ZCTA5 01854,19.200000000000003,9.0,17.2,54.599999999999994
395,ZCTA5 01860,13.5,10.1,19.4,57.0
396,ZCTA5 01862,15.700000000000001,2.2,10.5,71.4
397,ZCTA5 01863,15.6,12.0,14.1,58.3
398,ZCTA5 01864,8.5,4.7,13.1,73.7
399,ZCTA5 01867,11.2,3.8,10.5,74.6
400,ZCTA5 01876,15.5,6.7,14.8,62.900000000000006
401,ZCTA5 01879,7.5,4.9,16.8,70.9
402,ZCTA5 01880,10.8,7.9,16.2,65.1
403,ZCTA5 01886,7.6000000000000005,4.2,10.8,77.4
404,ZCTA5 01887,10.799999999999997,6.6,14.0,68.6
405,ZCTA5 01890,7.199999999999998,4.1,9.3,79.3
406,ZCTA5 01901,9.5,0.0,0.0,90.4
407,ZCTA5 01902,22.000000000000004,11.6,21.0,45.5
408,ZCTA5 01904,9.6,8.1,16.3,65.9
409,ZCTA5 01905,17.0,10.0,18.5,54.4
410,ZCTA5 01906,15.5,8.0,17.4,59.1
411,ZCTA5 01907,11.599999999999998,3.5,12.7,72.1
412,ZCTA5 01908,13.9,13.7,19.8,52.6
413,ZCTA5 01913,12.100000000000001,8.8,14.5,64.5
414,ZCTA5 01915,12.0,7.1,15.0,65.8
415,ZCTA5 01921,5.5,5.8,5.3,83.3
416,ZCTA5 01922,7.800000000000001,7.6,18.1,66.4
417,ZCTA5 01923,14.0,7.7,15.0,63.4
418,ZCTA5 01929,12.100000000000001,5.5,10.0,72.5
419,ZCTA5 01930,19.5,8.5,15.5,56.4
420,ZCTA5 01937,0.0,0.0,0.0,0.0
421,ZCTA5 01938,16.9,7.8,13.5,61.7
422,ZCTA5 01940,7.8,5.0,11.2,76.1
423,ZCTA5 01944,13.499999999999998,5.6,6.1,74.8
424,ZCTA5 01945,12.499999999999998,6.3,12.3,69.0
425,ZCTA5 01949,16.2,2.5,11.8,69.5
426,ZCTA5 01950,13.100000000000001,7.4,13.4,66.3
427,ZCTA5 01951,15.899999999999999,3.5,14.3,66.6
428,ZCTA5 01952,16.9,14.9,13.2,55.0
429,ZCTA5 01960,19.0,10.2,16.7,54.2
430,ZCTA5 01966,17.6,11.1,16.1,55.2
431,ZCTA5 01969,13.9,6.0,15.1,65.1
432,ZCTA5 01970,16.7,9.6,17.4,56.300000000000004
433,ZCTA5 01982,10.600000000000001,7.2,7.8,74.5
434,ZCTA5 01983,9.5,7.0,10.6,72.9
435,ZCTA5 01984,14.700000000000003,2.5,13.1,69.7
436,ZCTA5 01985,9.9,5.6,13.1,71.30000000000001
437,ZCTA5 02019,11.399999999999999,8.5,13.5,66.5
438,ZCTA5 02021,12.0,7.5,12.0,68.5
439,ZCTA5 02025,6.0,7.2,8.1,78.7
440,ZCTA5 02026,14.999999999999998,6.9,13.8,64.4
441,ZCTA5 02030,4.6000000000000005,4.9,8.7,81.8
442,ZCTA5 02032,6.800000000000001,11.0,11.0,71.1
443,ZCTA5 02035,10.4,6.2,13.5,70.0
444,ZCTA5 02038,7.000000000000001,5.9,11.6,75.5
445,ZCTA5 02043,12.3,6.3,9.5,71.80000000000001
446,ZCTA5 02045,19.200000000000003,6.9,17.6,56.300000000000004
447,ZCTA5 02047,0.0,100.0,0.0,0.0
448,ZCTA5 02048,8.5,5.0,14.2,72.3
449,ZCTA5 02050,13.3,8.2,14.6,63.900000000000006
450,ZCTA5 02052,5.6,4.8,7.6,82.0
451,ZCTA5 02053,7.600000000000001,5.7,8.1,78.4
452,ZCTA5 02054,13.0,8.4,12.4,66.3
453,ZCTA5 02056,8.8,4.1,8.0,79.2
454,ZCTA5 02061,10.0,5.0,13.7,71.4
455,ZCTA5 02062,14.700000000000001,8.2,15.3,61.8
456,ZCTA5 02066,11.399999999999999,6.5,9.6,72.4
457,ZCTA5 02067,7.3999999999999995,5.2,7.9,79.30000000000001
458,ZCTA5 02071,6.3,5.3,12.8,75.7
459,ZCTA5 02072,14.6,9.1,15.5,60.8
460,ZCTA5 02081,8.4,8.0,13.7,69.9
461,ZCTA5 02090,9.700000000000001,5.5,6.8,77.9
462,ZCTA5 02093,9.9,7.8,13.3,69.0
463,ZCTA5 02108,13.5,3.3,7.4,75.80000000000001
464,ZCTA5 02109,4.9,4.4,13.3,77.3
465,ZCTA5 02110,3.1,6.7,8.0,82.30000000000001
466,ZCTA5 02111,6.4,2.6,11.0,80.0
467,ZCTA5 02113,21.4,4.0,12.8,61.8
468,ZCTA5 02114,16.5,2.6,8.9,72.1
469,ZCTA5 02115,13.2,5.5,24.7,56.5
470,ZCTA5 02116,12.6,2.1,9.0,76.3
471,ZCTA5 02118,9.5,3.2,9.5,77.9
472,ZCTA5 02119,25.099999999999998,11.2,18.9,44.8
473,ZCTA5 02120,14.5,5.6,10.1,69.9
474,ZCTA5 02121,24.0,15.3,25.1,35.6
475,ZCTA5 02122,13.899999999999999,7.6,20.9,57.7
476,ZCTA5 02124,15.700000000000001,10.0,19.9,54.5
477,ZCTA5 02125,17.0,9.9,18.9,54.099999999999994
478,ZCTA5 02126,19.6,11.7,22.9,45.8
479,ZCTA5 02127,10.900000000000002,5.4,13.1,70.7
480,ZCTA5 02128,21.6,10.1,18.5,49.9
481,ZCTA5 02129,6.8,3.8,6.7,82.69999999999999
482,ZCTA5 02130,9.100000000000001,7.3,12.6,71.0
483,ZCTA5 02131,15.499999999999998,9.2,11.8,63.4
484,ZCTA5 02132,14.8,7.9,12.3,65.1
485,ZCTA5 02134,17.7,7.2,16.8,58.400000000000006
486,ZCTA5 02135,23.2,8.6,15.7,52.3
487,ZCTA5 02136,13.8,9.4,19.1,57.7
488,ZCTA5 02138,12.700000000000001,5.0,13.7,68.6
489,ZCTA5 02139,11.7,6.1,14.9,67.4
490,ZCTA5 02140,12.0,5.9,10.1,71.80000000000001
491,ZCTA5 02141,11.799999999999999,9.9,11.3,67.1
492,ZCTA5 02142,10.9,0.0,6.3,82.69999999999999
493,ZCTA5 02143,13.7,14.2,13.4,58.699999999999996
494,ZCTA5 02144,15.2,6.6,13.8,64.30000000000001
495,ZCTA5 02145,17.700000000000003,10.4,15.9,56.0
496,ZCTA5 02148,18.5,10.4,17.3,53.7
497,ZCTA5 02149,17.5,13.4,23.2,45.900000000000006
498,ZCTA5 02150,17.4,10.8,20.9,50.900000000000006
499,ZCTA5 02151,19.3,12.7,24.1,44.0
500,ZCTA5 02152,18.6,9.0,15.5,56.9
501,ZCTA5 02155,15.199999999999998,9.4,15.8,59.5
502,ZCTA5 02163,0.0,0.0,0.0,0.0
503,ZCTA5 02169,16.799999999999997,9.0,18.5,55.7
504,ZCTA5 02170,15.500000000000002,10.4,14.6,59.599999999999994
505,ZCTA5 02171,17.8,7.8,14.9,59.6
506,ZCTA5 02176,9.500000000000002,9.0,13.7,67.6
507,ZCTA5 02180,13.6,5.5,16.3,64.6
508,ZCTA5 02184,12.499999999999998,6.8,13.9,66.80000000000001
509,ZCTA5 02186,9.999999999999998,5.2,10.8,73.9
510,ZCTA5 02188,14.3,6.2,18.1,61.4
511,ZCTA5 02189,14.700000000000001,13.7,18.4,53.2
512,ZCTA5 02190,15.5,11.7,12.6,60.099999999999994
513,ZCTA5 02191,25.999999999999996,11.0,14.2,48.800000000000004
514,ZCTA5 02199,50.0,0.0,0.0,50.0
515,ZCTA5 02203,0.0,0.0,0.0,0.0
516,ZCTA5 02210,6.6000000000000005,15.7,10.0,67.8
517,ZCTA5 02215,11.299999999999999,8.2,19.1,61.4
518,ZCTA5 02301,21.1,14.5,18.8,45.5
519,ZCTA5 02302,16.099999999999998,14.1,21.6,48.300000000000004
520,ZCTA5 02322,14.6,7.7,19.1,58.6
521,ZCTA5 02324,14.3,5.9,13.2,66.69999999999999
522,ZCTA5 02330,19.900000000000002,9.1,19.6,51.400000000000006
523,ZCTA5 02332,11.3,4.9,10.2,73.5
524,ZCTA5 02333,12.000000000000002,10.6,14.9,62.4
525,ZCTA5 02338,25.4,12.0,19.3,43.3
526,ZCTA5 02339,9.3,6.4,12.3,72.0
527,ZCTA5 02341,9.5,5.4,15.0,70.1
528,ZCTA5 02343,19.0,9.5,21.2,50.199999999999996
529,ZCTA5 02346,13.7,12.5,14.9,58.9
530,ZCTA5 02347,9.600000000000001,9.2,17.5,63.9
531,ZCTA5 02351,9.0,7.9,16.8,66.30000000000001
532,ZCTA5 02356,9.2,6.1,12.7,71.8
533,ZCTA5 02357,0.0,0.0,0.0,0.0
534,ZCTA5 02359,9.1,7.8,16.3,66.8
535,ZCTA5 02360,14.399999999999999,9.4,17.8,58.400000000000006
536,ZCTA5 02364,18.9,7.1,12.3,61.7
537,ZCTA5 02366,0.0,0.0,0.0,0.0
538,ZCTA5 02367,7.999999999999999,5.4,16.9,69.8
539,ZCTA5 02368,15.099999999999998,9.1,22.5,53.300000000000004
540,ZCTA5 02370,18.799999999999997,10.8,18.9,51.5
541,ZCTA5 02375,10.100000000000001,8.8,14.4,66.7
542,ZCTA5 02379,13.1,11.5,15.8,59.6
543,ZCTA5 02382,14.400000000000002,7.1,18.2,60.4
544,ZCTA5 02420,8.3,5.4,7.4,78.9
545,ZCTA5 02421,6.7,3.9,5.8,83.5
546,ZCTA5 02445,10.7,7.7,6.9,74.69999999999999
547,ZCTA5 02446,13.2,5.0,9.9,71.80000000000001
548,ZCTA5 02451,13.899999999999999,10.5,12.5,63.0
549,ZCTA5 02452,16.400000000000002,6.2,21.2,56.2
550,ZCTA5 02453,14.3,7.8,12.3,65.7
551,ZCTA5 02457,0.0,0.0,0.0,0.0
552,ZCTA5 02458,10.600000000000001,6.5,7.3,75.5
553,ZCTA5 02459,8.5,3.6,6.7,81.19999999999999
554,ZCTA5 02460,7.699999999999999,5.0,12.1,75.2
555,ZCTA5 02461,5.9,4.2,5.8,84.1
556,ZCTA5 02462,10.1,8.5,4.3,77.0
557,ZCTA5 02464,22.099999999999998,0.0,6.6,71.30000000000001
558,ZCTA5 02465,9.399999999999999,3.4,7.0,80.1
559,ZCTA5 02466,8.9,7.0,6.6,77.5
560,ZCTA5 02467,13.100000000000001,4.8,11.0,71.0
561,ZCTA5 02468,6.4,1.7,8.9,83.10000000000001
562,ZCTA5 02472,13.2,4.8,16.4,65.6
563,ZCTA5 02474,12.1,6.0,10.6,71.30000000000001
564,ZCTA5 02476,12.0,4.2,11.0,72.7
565,ZCTA5 02478,7.899999999999999,7.2,10.4,74.6
566,ZCTA5 02481,7.1,2.9,6.7,83.4
567,ZCTA5 02482,5.5,3.4,7.7,83.2
568,ZCTA5 02492,6.9,4.8,7.5,80.80000000000001
569,ZCTA5 02493,7.5,3.1,6.2,83.3
570,ZCTA5 02494,5.3,1.4,9.4,83.8
571,ZCTA5 02532,22.1,10.7,14.6,52.5
572,ZCTA5 02534,11.6,19.6,10.2,58.6
573,ZCTA5 02535,28.9,4.0,11.3,55.7
574,ZCTA5 02536,21.499999999999996,11.5,18.6,48.4
575,ZCTA5 02537,12.2,7.0,22.0,58.7
576,ZCTA5 02538,19.099999999999998,14.7,28.5,37.6
577,ZCTA5 02539,24.6,14.6,21.9,39.0
578,ZCTA5 02540,21.5,7.1,12.5,58.900000000000006
579,ZCTA5 02542,0.0,100.0,0.0,0.0
580,ZCTA5 02543,9.2,15.2,23.6,52.0
581,ZCTA5 02553,21.1,0.0,22.5,56.3
582,ZCTA5 02554,16.6,7.7,12.2,63.5
583,ZCTA5 02556,21.2,5.0,13.5,60.199999999999996
584,ZCTA5 02557,32.800000000000004,5.6,10.4,51.2
585,ZCTA5 02558,39.199999999999996,13.4,28.6,18.9
586,ZCTA5 02559,13.1,13.2,15.1,58.6
587,ZCTA5 02561,29.2,0.0,26.0,44.8
588,ZCTA5 02562,23.7,10.9,14.1,51.3
589,ZCTA5 02563,12.8,14.7,14.4,58.0
590,ZCTA5 02564,28.6,0.0,18.6,52.800000000000004
591,ZCTA5 02568,35.9,10.8,7.8,45.400000000000006
592,ZCTA5 02571,20.900000000000002,13.4,23.7,42.0
593,ZCTA5 02575,18.400000000000002,6.4,19.6,55.699999999999996
594,ZCTA5 02576,20.799999999999997,9.1,9.7,60.5
595,ZCTA5 02584,0.0,100.0,0.0,0.0
596,ZCTA5 02601,24.9,15.4,27.9,31.900000000000002
597,ZCTA5 02630,27.6,3.7,13.6,55.300000000000004
598,ZCTA5 02631,19.2,10.2,20.2,50.3
599,ZCTA5 02632,20.9,11.5,22.1,45.5
600,ZCTA5 02633,18.900000000000002,9.4,16.1,55.6
601,ZCTA5 02635,24.599999999999998,9.9,23.3,42.1
602,ZCTA5 02637,0.0,0.0,50.0,50.0
603,ZCTA5 02638,22.5,11.5,15.2,50.900000000000006
604,ZCTA5 02639,23.9,20.0,21.2,34.9
605,ZCTA5 02641,17.1,20.7,4.3,57.900000000000006
606,ZCTA5 02642,24.8,11.8,20.2,43.099999999999994
607,ZCTA5 02643,0.0,0.0,0.0,0.0
608,ZCTA5 02644,14.6,13.2,9.2,62.900000000000006
609,ZCTA5 02645,18.3,11.2,20.1,50.4
610,ZCTA5 02646,21.900000000000002,11.5,26.9,39.7
611,ZCTA5 02647,0.0,0.0,48.1,51.9
612,ZCTA5 02648,15.4,12.7,20.6,51.4
613,ZCTA5 02649,23.499999999999996,10.2,16.1,50.300000000000004
614,ZCTA5 02650,28.000000000000007,8.1,22.8,41.2
615,ZCTA5 02651,0.0,0.0,0.0,100.0
616,ZCTA5 02652,18.4,13.9,26.4,41.3
617,ZCTA5 02653,19.6,14.3,13.7,52.4
618,ZCTA5 02655,26.0,11.5,17.6,44.9
619,ZCTA5 02657,35.2,12.4,12.7,39.7
620,ZCTA5 02659,25.3,10.6,19.9,44.3
621,ZCTA5 02660,24.999999999999996,14.1,19.0,42.0
622,ZCTA5 02663,0.0,39.3,42.9,17.9
623,ZCTA5 02664,21.9,16.9,23.9,37.300000000000004
624,ZCTA5 02666,27.2,5.4,46.6,20.700000000000003
625,ZCTA5 02667,33.400000000000006,14.9,20.4,31.300000000000004
626,ZCTA5 02668,16.2,8.3,11.9,63.599999999999994
627,ZCTA5 02669,0.0,0.0,18.6,81.4
628,ZCTA5 02670,22.999999999999996,17.4,23.1,36.4
629,ZCTA5 02671,26.699999999999996,13.2,18.4,41.8
630,ZCTA5 02672,27.0,0.0,0.0,73.0
631,ZCTA5 02673,23.400000000000002,11.3,23.6,41.900000000000006
632,ZCTA5 02675,25.699999999999996,12.7,21.5,40.1
633,ZCTA5 02702,16.7,3.6,12.3,67.4
634,ZCTA5 02703,13.9,8.5,20.3,57.3
635,ZCTA5 02713,48.1,7.4,18.5,25.9
636,ZCTA5 02715,12.5,15.2,15.0,57.5
637,ZCTA5 02717,18.0,6.8,13.9,61.4
638,ZCTA5 02718,14.2,6.4,11.8,67.60000000000001
639,ZCTA5 02719,23.299999999999997,8.9,22.1,45.60000000000001
640,ZCTA5 02720,25.000000000000004,11.9,19.7,43.5
641,ZCTA5 02721,30.8,14.1,18.9,36.4
642,ZCTA5 02723,30.4,13.6,20.9,35.2
643,ZCTA5 02724,22.5,21.0,19.2,37.4
644,ZCTA5 02725,22.1,8.3,21.3,48.3
645,ZCTA5 02726,17.4,10.2,16.5,55.9
646,ZCTA5 02738,13.5,9.8,19.4,57.3
647,ZCTA5 02739,9.4,6.0,21.3,63.3
648,ZCTA5 02740,27.900000000000002,16.2,20.2,35.7
649,ZCTA5 02743,19.799999999999997,9.0,19.1,52.199999999999996
650,ZCTA5 02744,32.6,11.9,20.3,35.099999999999994
651,ZCTA5 02745,24.3,13.4,22.2,40.1
652,ZCTA5 02746,34.699999999999996,16.4,17.9,30.799999999999997
653,ZCTA5 02747,18.3,7.6,20.0,54.0
654,ZCTA5 02748,19.599999999999998,10.6,19.5,50.3
655,ZCTA5 02760,11.200000000000001,8.5,15.2,65.1
656,ZCTA5 02762,18.3,6.2,10.8,64.7
657,ZCTA5 02763,5.0,11.4,10.4,73.2
658,ZCTA5 02764,18.3,11.2,12.7,57.800000000000004
659,ZCTA5 02766,11.3,8.8,13.9,65.9
660,ZCTA5 02767,17.700000000000003,6.7,12.0,63.599999999999994
661,ZCTA5 02769,14.499999999999998,5.8,13.9,65.8
662,ZCTA5 02770,11.1,7.0,17.1,64.8
663,ZCTA5 02771,13.3,10.1,20.4,56.099999999999994
664,ZCTA5 02777,18.999999999999996,10.8,17.7,52.6
665,ZCTA5 02779,15.8,10.2,12.5,61.5
666,ZCTA5 02780,21.9,13.1,17.7,47.099999999999994
667,ZCTA5 02790,17.1,7.3,15.7,60.0
668,ZCTA5 02791,7.3,0.0,39.6,53.2
669,ZCTA5 02802,0.0,24.2,13.9,61.8
670,ZCTA5 02804,4.8,23.1,22.1,50.10000000000001
671,ZCTA5 02806,12.700000000000001,6.5,10.2,70.6
672,ZCTA5 02807,17.9,9.1,15.2,57.9
673,ZCTA5 02808,12.6,5.4,35.3,46.800000000000004
674,ZCTA5 02809,18.5,7.9,15.9,57.599999999999994
675,ZCTA5 02812,7.1,7.7,8.9,76.3
676,ZCTA5 02813,14.4,11.6,18.3,55.800000000000004
677,ZCTA5 02814,18.599999999999998,6.9,13.7,60.800000000000004
678,ZCTA5 02815,0.0,0.0,27.4,72.6
679,ZCTA5 02816,19.2,10.7,17.3,52.699999999999996
680,ZCTA5 02817,8.9,8.0,19.3,63.8
681,ZCTA5 02818,13.3,8.1,14.0,64.6
682,ZCTA5 02822,12.0,5.6,16.5,66.0
683,ZCTA5 02825,13.1,10.7,16.4,59.8
684,ZCTA5 02826,55.5,5.7,18.5,20.3
685,ZCTA5 02827,18.3,7.8,15.4,58.6
686,ZCTA5 02828,19.0,9.9,20.3,50.900000000000006
687,ZCTA5 02830,16.099999999999998,8.4,16.7,58.699999999999996
688,ZCTA5 02831,11.100000000000001,6.3,16.5,66.1
689,ZCTA5 02832,13.1,10.6,16.2,60.2
690,ZCTA5 02833,15.9,11.4,11.9,60.699999999999996
691,ZCTA5 02835,13.3,7.5,9.9,69.3
692,ZCTA5 02836,27.3,0.0,34.1,38.6
693,ZCTA5 02837,17.6,9.2,15.8,57.400000000000006
694,ZCTA5 02838,10.799999999999999,9.4,23.6,56.2
695,ZCTA5 02839,24.299999999999997,14.7,10.3,50.699999999999996
696,ZCTA5 02840,12.899999999999999,11.5,13.1,62.5
697,ZCTA5 02841,0.0,0.0,0.0,0.0
698,ZCTA5 02842,16.3,10.0,17.3,56.5
699,ZCTA5 02852,10.700000000000001,9.8,17.5,62.0
700,ZCTA5 02857,11.3,11.0,15.1,62.6
701,ZCTA5 02858,0.0,0.0,11.7,88.3
702,ZCTA5 02859,17.1,10.6,18.0,54.300000000000004
703,ZCTA5 02860,25.6,16.2,17.9,40.2
704,ZCTA5 02861,25.799999999999997,12.2,22.8,39.3
705,ZCTA5 02863,33.599999999999994,17.7,20.2,28.7
706,ZCTA5 02864,14.300000000000002,8.6,16.3,60.9
707,ZCTA5 02865,15.799999999999999,9.1,14.7,60.300000000000004
708,ZCTA5 02871,12.4,9.3,18.5,59.900000000000006
709,ZCTA5 02872,16.7,37.5,0.0,45.8
710,ZCTA5 02873,19.2,0.0,58.6,22.2
711,ZCTA5 02874,8.8,8.2,12.3,70.80000000000001
712,ZCTA5 02875,14.5,0.0,15.7,69.9
713,ZCTA5 02876,0.0,0.0,0.0,100.0
714,ZCTA5 02878,16.099999999999998,10.8,19.3,53.900000000000006
715,ZCTA5 02879,12.9,10.7,18.9,57.5
716,ZCTA5 02881,17.900000000000002,4.1,7.9,70.0
717,ZCTA5 02882,15.3,12.3,13.0,59.3
718,ZCTA5 02885,20.5,9.4,19.7,50.3
719,ZCTA5 02886,15.3,9.7,19.0,56.0
720,ZCTA5 02888,21.6,13.5,17.3,47.7
721,ZCTA5 02889,17.900000000000002,10.4,20.4,51.3
722,ZCTA5 02891,15.200000000000001,13.1,19.6,52.1
723,ZCTA5 02892,10.9,18.2,10.6,60.3
724,ZCTA5 02893,18.0,14.0,18.2,49.6
725,ZCTA5 02894,0.0,5.9,27.6,66.5
726,ZCTA5 02895,25.5,12.5,19.3,42.7
727,ZCTA5 02896,8.999999999999998,7.9,17.3,66.0
728,ZCTA5 02898,8.0,0.0,18.7,73.2
729,ZCTA5 02903,20.900000000000002,16.1,13.3,49.7
730,ZCTA5 02904,19.700000000000003,16.8,18.5,45.1
731,ZCTA5 02905,22.2,12.4,21.9,43.6
732,ZCTA5 02906,14.8,4.5,11.1,69.6
733,ZCTA5 02907,20.000000000000004,15.0,28.0,37.1
734,ZCTA5 02908,21.000000000000004,11.7,23.2,44.099999999999994
735,ZCTA5 02909,26.199999999999996,14.0,22.5,37.2
736,ZCTA5 02910,23.099999999999998,11.7,21.8,43.50000000000001
737,ZCTA5 02911,15.9,11.9,26.6,45.5
738,ZCTA5 02912,0.0,0.0,0.0,0.0
739,ZCTA5 02914,26.8,14.7,22.3,36.2
740,ZCTA5 02915,21.9,13.9,19.6,44.599999999999994
741,ZCTA5 02916,15.7,10.0,18.0,56.4
742,ZCTA5 02917,12.4,8.7,23.2,55.699999999999996
743,ZCTA5 02919,18.6,12.6,16.3,52.400000000000006
744,ZCTA5 02920,21.500000000000004,16.5,16.6,45.599999999999994
745,ZCTA5 02921,10.700000000000001,5.3,10.6,73.5
746,ZCTA5 03031,8.0,9.3,9.3,73.5
747,ZCTA5 03032,8.4,8.0,10.6,73.0
748,ZCTA5 03033,4.8999999999999995,2.5,15.1,77.4
749,ZCTA5 03034,13.600000000000001,5.9,14.0,66.5
750,ZCTA5 03036,9.3,3.1,14.6,73.0
751,ZCTA5 03037,9.0,9.9,21.2,59.7
752,ZCTA5 03038,12.299999999999999,10.3,20.2,57.2
753,ZCTA5 03042,13.799999999999999,9.4,21.7,55.0
754,ZCTA5 03043,19.700000000000003,7.2,15.4,57.7
755,ZCTA5 03044,4.9,9.9,17.0,68.2
756,ZCTA5 03045,12.7,9.7,19.3,58.4
757,ZCTA5 03046,10.6,10.4,11.9,67.0
758,ZCTA5 03047,19.400000000000002,11.1,22.9,46.7
759,ZCTA5 03048,18.0,13.7,26.4,42.0
760,ZCTA5 03049,10.3,5.2,10.6,73.9
761,ZCTA5 03051,12.299999999999997,7.4,18.6,61.8
762,ZCTA5 03052,9.799999999999999,9.3,15.6,65.4
763,ZCTA5 03053,9.5,8.8,14.3,67.4
764,ZCTA5 03054,9.799999999999999,9.7,13.9,66.6
765,ZCTA5 03055,15.2,12.2,12.3,60.3
766,ZCTA5 03057,7.2,5.0,12.8,74.9
767,ZCTA5 03060,20.999999999999996,10.0,19.5,49.400000000000006
768,ZCTA5 03062,12.299999999999999,8.8,12.2,66.80000000000001
769,ZCTA5 03063,13.6,8.9,19.4,58.2
770,ZCTA5 03064,16.6,7.1,14.7,61.6
771,ZCTA5 03070,7.7,5.6,16.5,70.3
772,ZCTA5 03071,9.899999999999999,7.6,21.6,60.9
773,ZCTA5 03076,12.4,6.7,16.0,64.8
774,ZCTA5 03077,19.300000000000004,8.2,21.4,51.2
775,ZCTA5 03079,15.6,10.7,13.6,60.1
776,ZCTA5 03082,8.600000000000001,12.7,16.8,62.0
777,ZCTA5 03084,15.200000000000001,16.6,14.6,53.400000000000006
778,ZCTA5 03086,13.400000000000002,10.8,20.1,55.7
779,ZCTA5 03087,7.7,5.9,11.5,74.69999999999999
780,ZCTA5 03101,24.5,7.7,3.5,64.4
781,ZCTA5 03102,17.6,10.8,22.3,49.300000000000004
782,ZCTA5 03103,17.8,12.4,24.0,45.9
783,ZCTA5 03104,13.1,7.7,20.0,59.3
784,ZCTA5 03106,13.899999999999999,8.9,14.0,63.300000000000004
785,ZCTA5 03109,12.399999999999999,8.5,22.1,56.89999999999999
786,ZCTA5 03110,8.6,3.5,10.8,77.0
787,ZCTA5 03215,24.5,5.7,15.1,54.7
788,ZCTA5 03216,21.599999999999998,16.6,12.1,49.7
789,ZCTA5 03217,20.4,20.0,24.2,35.4
790,ZCTA5 03218,21.0,2.4,11.2,65.4
791,ZCTA5 03220,28.300000000000004,5.9,19.3,46.400000000000006
792,ZCTA5 03221,20.3,12.3,27.2,40.3
793,ZCTA5 03222,29.2,13.3,25.7,31.9
794,ZCTA5 03223,32.1,7.3,20.3,40.099999999999994
795,ZCTA5 03224,11.2,9.6,20.4,58.9
796,ZCTA5 03225,16.5,7.5,36.0,39.9
797,ZCTA5 03226,18.1,11.8,22.1,47.800000000000004
798,ZCTA5 03227,20.599999999999998,7.0,21.5,50.8
799,ZCTA5 03229,12.1,4.9,17.3,65.7
800,ZCTA5 03230,24.900000000000002,14.3,23.2,37.599999999999994
801,ZCTA5 03231,52.9,0.0,0.0,47.099999999999994
802,ZCTA5 03233,19.1,0.0,0.0,80.9
803,ZCTA5 03234,19.3,7.4,19.6,53.60000000000001
804,ZCTA5 03235,20.2,18.6,23.7,37.300000000000004
805,ZCTA5 03237,22.299999999999997,9.5,18.8,49.300000000000004
806,ZCTA5 03238,29.6,18.5,40.7,11.1
807,ZCTA5 03240,29.299999999999997,16.8,21.6,32.2
808,ZCTA5 03241,20.5,14.8,24.3,40.5
809,ZCTA5 03242,10.6,2.9,31.2,55.4
810,ZCTA5 03243,21.0,14.9,21.5,42.5
811,ZCTA5 03244,22.599999999999998,12.4,23.2,41.599999999999994
812,ZCTA5 03245,20.599999999999998,18.2,16.8,44.5
813,ZCTA5 03246,21.6,12.5,18.5,47.60000000000001
814,ZCTA5 03249,22.2,7.3,21.5,48.800000000000004
815,ZCTA5 03251,33.400000000000006,14.6,22.3,29.8
816,ZCTA5 03253,19.4,13.9,16.1,50.599999999999994
817,ZCTA5 03254,15.600000000000001,11.3,19.3,53.900000000000006
818,ZCTA5 03255,16.9,11.8,16.7,54.7
819,ZCTA5 03256,22.300000000000004,12.3,16.1,49.5
820,ZCTA5 03257,16.900000000000002,11.1,17.9,54.10000000000001
821,ZCTA5 03258,15.2,8.7,21.2,54.900000000000006
822,ZCTA5 03259,33.6,17.5,8.0,40.89999999999999
823,ZCTA5 03260,9.9,19.5,17.6,53.00000000000001
824,ZCTA5 03261,17.3,6.7,15.3,60.8
825,ZCTA5 03262,27.300000000000004,9.7,17.5,45.7
826,ZCTA5 03263,18.900000000000002,16.9,16.2,48.0
827,ZCTA5 03264,24.799999999999997,11.8,20.9,42.599999999999994
828,ZCTA5 03266,29.099999999999998,18.2,17.9,34.800000000000004
829,ZCTA5 03268,19.1,13.0,29.9,38.0
830,ZCTA5 03269,18.2,12.5,20.2,49.0
831,ZCTA5 03273,13.6,15.2,22.0,49.2
832,ZCTA5 03275,15.7,9.7,22.0,52.49999999999999
833,ZCTA5 03276,15.5,15.3,21.0,48.3
834,ZCTA5 03278,11.4,15.1,20.5,53.0
835,ZCTA5 03279,41.3,16.0,19.3,23.5
836,ZCTA5 03280,19.5,9.7,20.9,49.900000000000006
837,ZCTA5 03281,11.799999999999999,10.6,18.8,58.8
838,ZCTA5 03282,27.1,13.4,24.8,34.6
839,ZCTA5 03284,19.599999999999998,8.6,29.4,42.4
840,ZCTA5 03285,20.400000000000002,19.0,24.2,36.5
841,ZCTA5 03287,20.9,16.7,18.4,44.2
842,ZCTA5 03290,6.0,9.1,20.9,64.1
843,ZCTA5 03291,57.9,0.0,42.1,0.0
844,ZCTA5 03293,24.0,0.0,52.0,24.0
845,ZCTA5 03301,16.8,12.1,14.4,56.8
846,ZCTA5 03303,17.4,11.0,24.0,47.699999999999996
847,ZCTA5 03304,9.2,8.6,9.1,73.0
848,ZCTA5 03307,24.7,4.9,24.7,45.599999999999994
849,ZCTA5 03431,19.5,10.1,20.6,49.7
850,ZCTA5 03440,21.1,10.3,17.4,51.199999999999996
851,ZCTA5 03441,4.3,8.0,10.9,76.8
852,ZCTA5 03442,13.3,20.3,18.4,47.900000000000006
853,ZCTA5 03443,21.1,0.0,21.1,57.89999999999999
854,ZCTA5 03444,20.0,9.4,17.1,53.4
855,ZCTA5 03445,30.3,17.5,15.1,37.2
856,ZCTA5 03446,17.599999999999998,16.5,21.6,44.2
857,ZCTA5 03447,30.099999999999998,11.5,15.1,43.300000000000004
858,ZCTA5 03448,25.400000000000002,19.8,25.3,29.6
859,ZCTA5 03449,19.400000000000002,7.7,15.6,57.3
860,ZCTA5 03450,16.400000000000002,23.3,23.1,37.2
861,ZCTA5 03451,27.6,13.3,28.3,30.8
862,ZCTA5 03452,22.999999999999996,9.3,16.5,51.1
863,ZCTA5 03455,25.799999999999997,6.0,17.9,50.300000000000004
864,ZCTA5 03456,21.799999999999997,15.0,21.4,41.8
865,ZCTA5 03457,18.6,10.9,19.9,50.7
866,ZCTA5 03458,19.500000000000004,12.0,19.4,49.099999999999994
867,ZCTA5 03461,15.799999999999999,11.1,15.3,57.900000000000006
868,ZCTA5 03462,9.1,13.5,24.0,53.5
869,ZCTA5 03464,15.200000000000001,15.6,21.8,47.5
870,ZCTA5 03465,25.3,10.3,30.1,34.2
871,ZCTA5 03466,4.9,13.6,26.1,55.4
872,ZCTA5 03467,7.900000000000001,14.8,18.7,58.599999999999994
873,ZCTA5 03470,29.3,19.0,22.6,29.299999999999997
874,ZCTA5 03561,23.6,16.7,22.1,37.6
875,ZCTA5 03570,29.400000000000002,17.4,24.2,28.900000000000002
876,ZCTA5 03574,22.1,12.9,27.2,37.7
877,ZCTA5 03575,0.0,15.4,0.0,84.6
878,ZCTA5 03576,31.8,13.5,19.6,35.1
879,ZCTA5 03579,45.8,15.7,23.2,15.2
880,ZCTA5 03580,18.9,17.8,14.7,48.5
881,ZCTA5 03581,18.099999999999998,22.3,25.0,34.8
882,ZCTA5 03582,35.099999999999994,18.6,24.5,21.8
883,ZCTA5 03583,30.400000000000002,13.2,18.5,37.9
884,ZCTA5 03584,31.9,13.0,25.0,30.2
885,ZCTA5 03585,26.2,19.0,22.1,32.7
886,ZCTA5 03586,20.7,10.2,20.8,48.2
887,ZCTA5 03588,27.800000000000004,18.5,16.4,37.3
888,ZCTA5 03590,47.199999999999996,18.4,18.1,16.299999999999997
889,ZCTA5 03592,38.10000000000001,21.5,19.8,20.700000000000003
890,ZCTA5 03593,27.0,10.4,12.9,49.699999999999996
891,ZCTA5 03595,30.2,15.7,19.4,34.699999999999996
892,ZCTA5 03597,52.0,19.4,19.4,9.2
893,ZCTA5 03598,26.3,15.3,31.3,27.0
894,ZCTA5 03601,37.800000000000004,15.5,18.0,28.599999999999998
895,ZCTA5 03602,20.700000000000003,11.1,27.0,41.2
896,ZCTA5 03603,35.6,17.6,17.6,29.200000000000003
897,ZCTA5 03604,29.5,0.0,29.5,40.9
898,ZCTA5 03605,22.000000000000004,16.3,18.8,42.800000000000004
899,ZCTA5 03607,30.599999999999998,10.4,35.1,23.9
900,ZCTA5 03608,21.3,13.2,14.9,50.6
901,ZCTA5 03609,13.6,7.8,14.6,64.1
902,ZCTA5 03740,34.0,20.1,14.6,31.2
903,ZCTA5 03741,24.9,14.7,19.4,41.0
904,ZCTA5 03743,25.3,13.8,21.7,39.199999999999996
905,ZCTA5 03745,17.1,12.3,18.7,51.9
906,ZCTA5 03746,17.2,0.0,17.1,65.69999999999999
907,ZCTA5 03748,15.100000000000001,11.2,14.0,59.60000000000001
908,ZCTA5 03750,0.0,0.0,10.9,89.0
909,ZCTA5 03751,33.0,9.5,3.6,53.800000000000004
910,ZCTA5 03752,30.799999999999997,14.5,30.8,23.8
911,ZCTA5 03753,9.8,12.6,19.0,58.7
912,ZCTA5 03754,0.0,0.0,0.0,0.0
913,ZCTA5 03755,10.2,6.5,7.9,75.5
914,ZCTA5 03765,43.6,0.0,35.0,21.299999999999997
915,ZCTA5 03766,18.400000000000002,11.3,15.6,54.7
916,ZCTA5 03768,8.7,7.9,10.9,72.4
917,ZCTA5 03770,16.0,3.0,3.6,77.3
918,ZCTA5 03771,23.900000000000002,11.6,23.3,41.2
919,ZCTA5 03773,18.200000000000003,18.5,27.3,36.0
920,ZCTA5 03774,14.100000000000001,22.3,24.5,39.0
921,ZCTA5 03777,16.7,5.9,20.3,57.1
922,ZCTA5 03779,16.3,17.1,16.4,49.900000000000006
923,ZCTA5 03780,14.0,30.7,11.3,43.89999999999999
924,ZCTA5 03781,12.5,12.1,21.6,53.900000000000006
925,ZCTA5 03782,13.4,9.5,19.5,57.60000000000001
926,ZCTA5 03784,13.8,5.6,28.1,52.5
