,GEO.display-label,PoorFucks,HC02_EST_VC09,HC02_EST_VC10,RichFucks
1,ZCTA5 00601,75.0,11.7,7.4,5.8999999999999995
2,ZCTA5 00602,73.9,11.7,9.5,4.8
3,ZCTA5 00603,68.7,13.7,10.3,7.3999999999999995
4,ZCTA5 00606,81.0,14.8,4.0,0.0
5,ZCTA5 00610,78.1,10.6,8.0,3.3000000000000003
6,ZCTA5 00612,66.69999999999999,12.6,13.3,7.3
7,ZCTA5 00616,75.7,12.6,5.3,6.4
8,ZCTA5 00617,76.5,10.3,8.7,4.4
9,ZCTA5 00622,69.7,12.0,8.4,9.8
10,ZCTA5 00623,68.9,11.9,11.8,7.5
11,ZCTA5 00624,80.6,9.2,7.4,2.7
12,ZCTA5 00627,69.0,14.5,9.9,6.6
13,ZCTA5 00631,82.2,10.0,2.5,5.4
14,ZCTA5 00637,74.39999999999999,11.9,9.9,3.8
15,ZCTA5 00638,80.4,10.2,7.8,1.8
16,ZCTA5 00641,72.3,12.7,10.8,4.2
17,ZCTA5 00646,52.8,14.4,16.8,16.0
18,ZCTA5 00647,86.5,8.2,3.5,1.9000000000000001
19,ZCTA5 00650,79.6,13.8,5.5,1.2
20,ZCTA5 00652,72.5,7.7,9.6,10.2
21,ZCTA5 00653,82.30000000000001,11.2,3.4,3.0999999999999996
22,ZCTA5 00656,76.4,12.1,8.1,3.3
23,ZCTA5 00659,70.9,12.1,9.5,7.5
24,ZCTA5 00660,68.8,15.5,10.4,5.199999999999999
25,ZCTA5 00662,73.2,14.1,7.9,4.8
26,ZCTA5 00664,79.19999999999999,9.7,9.0,2.1
27,ZCTA5 00667,77.6,12.6,6.6,3.1
28,ZCTA5 00669,80.4,10.0,7.3,2.3
29,ZCTA5 00670,77.30000000000001,13.3,8.5,0.9
30,ZCTA5 00674,66.4,12.7,12.4,8.7
31,ZCTA5 00676,76.0,11.7,8.6,3.8
32,ZCTA5 00677,75.2,14.1,7.9,3.0
33,ZCTA5 00678,70.69999999999999,13.5,12.7,3.1
34,ZCTA5 00680,72.8,12.8,8.2,6.2
35,ZCTA5 00682,62.9,12.5,11.9,12.700000000000001
36,ZCTA5 00683,73.8,11.4,8.9,5.8
37,ZCTA5 00685,77.7,11.5,7.7,3.2
38,ZCTA5 00687,77.9,12.6,5.9,3.6999999999999997
39,ZCTA5 00688,80.30000000000001,10.3,7.9,1.4999999999999998
40,ZCTA5 00690,69.7,15.4,8.6,6.300000000000001
41,ZCTA5 00692,69.8,12.4,9.7,8.0
42,ZCTA5 00693,72.5,11.7,9.4,6.4
43,ZCTA5 00694,100.0,0.0,0.0,0.0
44,ZCTA5 00698,74.69999999999999,12.3,8.3,4.6
45,ZCTA5 00703,77.0,11.9,6.6,4.5
46,ZCTA5 00704,81.3,6.7,10.0,2.0
47,ZCTA5 00705,74.0,11.5,12.0,2.6
48,ZCTA5 00707,75.2,12.3,10.2,2.2
49,ZCTA5 00714,77.9,10.4,8.7,2.9
50,ZCTA5 00715,75.8,8.0,9.3,6.9
51,ZCTA5 00716,61.800000000000004,13.4,13.1,11.8
52,ZCTA5 00717,68.5,11.0,14.2,6.4
53,ZCTA5 00718,69.9,13.4,11.9,4.7
54,ZCTA5 00719,73.6,11.3,10.1,5.0
55,ZCTA5 00720,79.80000000000001,13.0,5.5,1.5999999999999999
56,ZCTA5 00723,76.2,13.1,9.5,1.2999999999999998
57,ZCTA5 00725,58.9,14.0,15.5,11.6
58,ZCTA5 00727,51.699999999999996,14.0,15.7,18.4
59,ZCTA5 00728,68.2,13.2,11.8,6.9
60,ZCTA5 00729,63.300000000000004,17.5,10.9,8.3
61,ZCTA5 00730,71.60000000000001,10.8,8.4,9.299999999999999
62,ZCTA5 00731,72.6,13.4,8.0,6.0
63,ZCTA5 00735,67.7,19.4,8.3,4.7
64,ZCTA5 00736,61.89999999999999,15.5,10.6,11.899999999999999
65,ZCTA5 00738,64.9,16.2,13.1,5.8999999999999995
66,ZCTA5 00739,59.6,14.4,13.6,12.299999999999999
67,ZCTA5 00740,58.2,21.7,7.6,12.4
68,ZCTA5 00741,75.6,15.3,6.4,2.7
69,ZCTA5 00745,59.99999999999999,19.3,13.5,7.3
70,ZCTA5 00751,75.5,12.1,8.1,4.2
71,ZCTA5 00754,70.5,12.7,11.2,5.6
72,ZCTA5 00757,70.1,13.0,10.5,6.3999999999999995
73,ZCTA5 00765,76.9,16.5,6.5,0.3
74,ZCTA5 00766,72.69999999999999,12.0,10.4,5.0
75,ZCTA5 00767,74.10000000000001,14.5,9.2,2.1
76,ZCTA5 00769,70.10000000000001,15.1,9.5,5.4
77,ZCTA5 00771,65.2,15.0,11.8,7.7
78,ZCTA5 00772,76.3,12.1,9.5,2.1
79,ZCTA5 00773,65.8,13.5,11.5,9.299999999999999
80,ZCTA5 00775,78.89999999999999,6.0,9.4,5.7
81,ZCTA5 00777,68.4,14.3,12.5,4.8
82,ZCTA5 00778,51.8,14.1,15.4,18.7
83,ZCTA5 00780,61.0,9.8,13.7,15.5
84,ZCTA5 00782,73.80000000000001,13.8,8.9,3.5
85,ZCTA5 00783,73.0,12.9,9.9,4.2
86,ZCTA5 00784,70.7,14.0,9.9,5.3999999999999995
87,ZCTA5 00786,85.39999999999999,8.0,6.6,0.0
88,ZCTA5 00791,67.2,11.4,11.8,9.5
89,ZCTA5 00794,75.0,13.5,7.0,4.5
90,ZCTA5 00795,71.1,12.9,11.0,4.999999999999999
91,ZCTA5 00901,49.8,5.7,6.5,37.9
92,ZCTA5 00906,100.0,0.0,0.0,0.0
93,ZCTA5 00907,43.6,12.9,14.6,29.0
94,ZCTA5 00909,56.79999999999999,9.9,19.6,13.700000000000001
95,ZCTA5 00911,44.5,14.2,15.3,26.1
96,ZCTA5 00912,51.6,14.6,17.3,16.4
97,ZCTA5 00913,41.400000000000006,6.9,10.0,41.7
98,ZCTA5 00915,80.4,12.6,4.6,2.4
99,ZCTA5 00917,63.69999999999999,15.8,8.9,11.7
100,ZCTA5 00918,34.0,21.0,18.1,27.0
101,ZCTA5 00920,53.900000000000006,20.1,13.3,12.6
102,ZCTA5 00921,53.9,17.0,17.0,12.299999999999999
103,ZCTA5 00923,63.9,14.9,10.4,10.899999999999999
104,ZCTA5 00924,54.9,15.7,17.8,11.799999999999999
105,ZCTA5 00925,63.4,13.1,10.3,13.3
106,ZCTA5 00926,40.7,13.7,16.5,29.2
107,ZCTA5 00927,34.9,12.9,15.9,36.2
108,ZCTA5 00934,0.0,0.0,0.0,0.0
109,ZCTA5 00936,0.0,0.0,0.0,0.0
110,ZCTA5 00949,57.5,17.6,15.1,9.8
111,ZCTA5 00950,0.0,0.0,0.0,0.0
112,ZCTA5 00951,100.0,0.0,0.0,0.0
113,ZCTA5 00952,71.3,12.9,11.2,4.7
114,ZCTA5 00953,51.800000000000004,14.2,15.7,18.4
115,ZCTA5 00956,62.199999999999996,17.2,13.0,7.699999999999999
116,ZCTA5 00957,57.699999999999996,17.2,14.9,10.1
117,ZCTA5 00959,47.49999999999999,19.4,17.2,15.799999999999999
118,ZCTA5 00960,0.0,0.0,0.0,0.0
119,ZCTA5 00961,45.8,16.3,18.5,19.599999999999998
120,ZCTA5 00962,67.6,15.1,11.1,6.2
121,ZCTA5 00965,78.5,16.0,4.9,0.6
122,ZCTA5 00966,29.199999999999996,12.1,13.9,44.8
123,ZCTA5 00968,36.400000000000006,16.3,15.2,32.1
124,ZCTA5 00969,28.099999999999998,13.8,17.3,40.599999999999994
125,ZCTA5 00971,62.6,11.7,11.9,13.799999999999999
126,ZCTA5 00976,47.199999999999996,15.6,16.9,20.299999999999997
127,ZCTA5 00979,42.400000000000006,15.6,19.4,22.700000000000003
128,ZCTA5 00982,56.69999999999999,19.3,14.0,10.0
129,ZCTA5 00983,50.3,20.4,18.7,10.499999999999998
130,ZCTA5 00985,57.300000000000004,14.6,17.7,10.3
131,ZCTA5 00987,48.4,18.3,20.2,13.1
132,ZCTA5 01001,21.8,10.8,19.4,48.0
133,ZCTA5 01002,11.5,5.8,14.2,68.5
134,ZCTA5 01003,0.0,0.0,0.0,0.0
135,ZCTA5 01005,21.6,6.4,20.8,51.300000000000004
136,ZCTA5 01007,17.5,9.0,15.2,58.3
137,ZCTA5 01008,16.9,9.3,24.1,49.6
138,ZCTA5 01009,27.0,25.5,8.5,39.0
139,ZCTA5 01010,17.6,8.2,9.2,64.9
140,ZCTA5 01011,18.3,11.9,23.7,45.9
141,ZCTA5 01012,15.5,21.1,28.4,35.0
142,ZCTA5 01013,26.7,15.3,24.5,33.7
143,ZCTA5 01020,21.6,11.2,21.3,45.9
144,ZCTA5 01022,24.400000000000002,21.4,23.3,30.8
145,ZCTA5 01026,28.3,12.3,26.0,33.3
146,ZCTA5 01027,19.6,9.2,22.0,49.3
147,ZCTA5 01028,16.8,7.7,14.0,61.6
148,ZCTA5 01029,30.200000000000003,10.6,21.6,37.5
149,ZCTA5 01030,20.299999999999997,6.9,17.5,55.4
150,ZCTA5 01031,28.900000000000002,19.4,19.7,32.1
151,ZCTA5 01032,24.900000000000006,13.8,24.0,37.400000000000006
152,ZCTA5 01033,11.9,7.0,15.5,65.5
153,ZCTA5 01034,17.4,10.0,18.8,53.9
154,ZCTA5 01035,14.8,10.7,17.4,57.0
155,ZCTA5 01036,11.4,8.9,21.9,57.7
156,ZCTA5 01037,18.6,2.5,8.9,69.9
157,ZCTA5 01038,13.4,16.9,12.8,56.900000000000006
158,ZCTA5 01039,22.1,7.1,14.6,56.0
159,ZCTA5 01040,20.299999999999997,14.5,20.1,45.0
160,ZCTA5 01050,17.6,14.7,21.1,46.699999999999996
161,ZCTA5 01053,21.4,17.6,18.9,42.1
162,ZCTA5 01054,16.700000000000003,6.0,18.8,58.5
163,ZCTA5 01056,23.2,9.3,19.6,48.0
164,ZCTA5 01057,15.5,10.3,24.5,49.6
165,ZCTA5 01060,17.099999999999998,14.7,17.4,50.7
166,ZCTA5 01062,17.2,8.7,17.8,56.400000000000006
167,ZCTA5 01063,0.0,0.0,0.0,0.0
168,ZCTA5 01066,0.0,0.0,0.0,0.0
169,ZCTA5 01068,14.299999999999999,10.2,16.3,59.1
170,ZCTA5 01069,15.799999999999999,11.4,24.3,48.400000000000006
171,ZCTA5 01070,30.900000000000002,8.4,29.2,31.4
172,ZCTA5 01071,14.3,11.2,21.6,52.9
173,ZCTA5 01072,17.4,11.7,21.5,49.3
174,ZCTA5 01073,23.1,5.9,16.7,54.400000000000006
175,ZCTA5 01074,0.0,29.0,0.0,71.0
176,ZCTA5 01075,18.6,11.3,19.4,50.7
177,ZCTA5 01077,15.299999999999999,6.0,14.4,64.3
178,ZCTA5 01079,26.099999999999998,23.8,10.8,39.2
179,ZCTA5 01080,33.1,15.4,24.0,27.5
180,ZCTA5 01081,32.2,11.1,20.9,35.7
181,ZCTA5 01082,21.5,13.2,22.5,42.7
182,ZCTA5 01083,40.6,13.1,12.6,33.7
183,ZCTA5 01084,25.3,23.1,19.8,31.9
184,ZCTA5 01085,17.6,9.3,17.1,56.1
185,ZCTA5 01086,0.0,0.0,0.0,0.0
186,ZCTA5 01088,40.800000000000004,17.7,23.0,18.5
187,ZCTA5 01089,24.2,10.7,17.5,47.599999999999994
188,ZCTA5 01092,25.599999999999998,11.7,20.4,42.3
189,ZCTA5 01093,15.7,8.7,18.3,57.3
190,ZCTA5 01094,24.7,7.1,12.9,55.199999999999996
191,ZCTA5 01095,18.2,6.8,10.4,64.6
192,ZCTA5 01096,15.1,13.2,19.9,51.8
193,ZCTA5 01097,100.0,0.0,0.0,0.0
194,ZCTA5 01098,20.5,10.3,24.3,45.0
195,ZCTA5 01103,55.7,14.1,10.9,19.2
196,ZCTA5 01104,29.599999999999998,16.4,19.8,34.0
197,ZCTA5 01105,45.199999999999996,9.6,8.2,37.0
198,ZCTA5 01106,12.8,5.0,12.3,69.69999999999999
199,ZCTA5 01107,27.299999999999997,18.0,13.2,41.6
200,ZCTA5 01108,24.8,16.0,19.6,39.7
201,ZCTA5 01109,28.1,20.2,24.6,27.299999999999997
202,ZCTA5 01118,15.100000000000001,13.3,26.3,45.3
203,ZCTA5 01119,29.500000000000004,13.5,20.1,37.1
204,ZCTA5 01128,19.5,10.3,20.6,49.699999999999996
205,ZCTA5 01129,20.4,10.7,26.3,42.60000000000001
206,ZCTA5 01151,33.199999999999996,15.7,20.1,31.0
207,ZCTA5 01199,0.0,0.0,0.0,0.0
208,ZCTA5 01201,25.0,13.7,22.4,38.8
209,ZCTA5 01220,26.400000000000006,16.8,20.2,36.7
210,ZCTA5 01222,14.7,9.8,15.6,59.89999999999999
211,ZCTA5 01223,29.600000000000005,9.6,20.3,40.5
212,ZCTA5 01224,31.6,0.0,31.6,36.8
213,ZCTA5 01225,27.100000000000005,13.3,20.0,39.5
214,ZCTA5 01226,29.0,16.8,15.9,38.3
215,ZCTA5 01229,45.8,0.0,27.1,27.1
216,ZCTA5 01230,22.0,13.3,19.6,45.0
217,ZCTA5 01235,17.299999999999997,16.1,29.7,36.800000000000004
218,ZCTA5 01236,24.200000000000003,11.5,18.2,46.2
219,ZCTA5 01237,20.4,10.0,18.9,50.8
220,ZCTA5 01238,15.0,7.7,25.8,51.5
221,ZCTA5 01240,31.5,9.2,14.0,45.400000000000006
222,ZCTA5 01242,0.0,32.9,18.3,48.8
223,ZCTA5 01243,23.200000000000003,3.0,21.3,52.599999999999994
224,ZCTA5 01244,54.400000000000006,0.0,22.8,22.8
225,ZCTA5 01245,26.4,12.9,14.0,46.5
226,ZCTA5 01247,28.0,16.6,22.9,32.5
227,ZCTA5 01253,29.5,5.6,23.1,41.8
228,ZCTA5 01254,14.100000000000001,13.6,14.4,57.9
229,ZCTA5 01255,23.6,12.6,25.9,37.9
230,ZCTA5 01256,29.400000000000006,13.2,23.1,34.4
231,ZCTA5 01257,31.0,17.6,8.1,43.3
232,ZCTA5 01258,22.6,13.6,25.6,38.1
233,ZCTA5 01259,17.0,17.1,21.7,44.199999999999996
234,ZCTA5 01260,47.5,12.8,21.8,18.0
235,ZCTA5 01262,20.5,11.1,14.7,53.8
236,ZCTA5 01264,28.0,2.0,18.0,52.0
237,ZCTA5 01266,16.8,14.8,13.3,55.0
238,ZCTA5 01267,20.499999999999996,6.4,14.4,58.8
239,ZCTA5 01270,23.0,10.3,20.0,46.6
240,ZCTA5 01301,20.1,16.4,25.0,38.5
241,ZCTA5 01330,19.3,5.8,13.6,61.10000000000001
242,ZCTA5 01331,22.600000000000005,15.6,21.0,40.9
243,ZCTA5 01337,20.9,15.7,22.1,41.400000000000006
244,ZCTA5 01338,16.9,14.1,33.8,35.1
245,ZCTA5 01339,22.8,15.4,27.0,34.9
246,ZCTA5 01340,28.8,16.2,22.0,33.1
247,ZCTA5 01341,17.5,11.6,16.5,54.5
248,ZCTA5 01342,9.4,26.8,10.7,53.1
249,ZCTA5 01343,17.700000000000003,0.0,0.0,82.3
250,ZCTA5 01344,16.3,15.0,26.7,41.9
251,ZCTA5 01346,16.8,16.5,20.3,46.099999999999994
252,ZCTA5 01347,51.5,0.0,48.5,0.0
253,ZCTA5 01349,31.8,7.0,21.8,39.4
254,ZCTA5 01350,54.699999999999996,5.7,34.0,5.7
255,ZCTA5 01351,20.000000000000004,14.6,16.2,49.300000000000004
256,ZCTA5 01354,13.3,10.5,18.2,58.0
257,ZCTA5 01355,17.200000000000003,10.4,17.2,55.3
258,ZCTA5 01360,14.9,8.0,25.5,51.60000000000001
259,ZCTA5 01364,31.9,13.5,20.5,34.2
260,ZCTA5 01366,22.2,12.7,12.7,52.3
261,ZCTA5 01367,37.3,11.5,24.7,26.3
262,ZCTA5 01368,21.9,15.1,19.3,43.7
263,ZCTA5 01370,21.3,14.9,17.5,46.3
264,ZCTA5 01373,18.400000000000002,8.3,15.1,58.2
265,ZCTA5 01375,11.200000000000001,19.9,14.2,54.6
266,ZCTA5 01376,18.9,15.4,29.5,36.099999999999994
267,ZCTA5 01378,25.7,8.8,25.2,40.2
268,ZCTA5 01379,32.800000000000004,18.7,25.6,22.8
269,ZCTA5 01420,23.599999999999998,10.3,16.3,49.8
270,ZCTA5 01430,14.0,10.2,12.2,63.6
271,ZCTA5 01431,13.200000000000001,12.7,15.2,58.9
272,ZCTA5 01432,7.7,8.6,20.3,63.400000000000006
273,ZCTA5 01434,0.0,3.2,7.2,89.6
274,ZCTA5 01436,16.900000000000002,12.4,16.6,54.10000000000001
275,ZCTA5 01438,27.1,0.0,68.2,4.7
276,ZCTA5 01440,22.5,13.1,24.0,40.49999999999999
277,ZCTA5 01450,12.2,4.8,8.9,74.1
278,ZCTA5 01451,8.399999999999999,8.5,3.9,79.2
279,ZCTA5 01452,13.399999999999999,7.8,18.8,60.099999999999994
280,ZCTA5 01453,17.400000000000002,8.4,17.7,56.400000000000006
281,ZCTA5 01460,14.1,4.6,10.2,71.0
282,ZCTA5 01462,16.900000000000002,14.9,15.8,52.3
283,ZCTA5 01463,14.900000000000002,6.9,18.7,59.6
284,ZCTA5 01464,23.599999999999998,3.0,18.6,54.699999999999996
285,ZCTA5 01467,0.0,11.0,0.0,89.0
286,ZCTA5 01468,20.6,11.1,17.3,51.0
287,ZCTA5 01469,11.4,4.1,19.7,64.8
288,ZCTA5 01473,12.200000000000001,7.9,14.1,66.0
289,ZCTA5 01474,6.7,5.9,18.9,68.4
290,ZCTA5 01475,13.700000000000001,19.0,16.6,50.699999999999996
291,ZCTA5 01501,19.2,8.8,17.6,54.400000000000006
292,ZCTA5 01503,9.0,7.9,18.6,64.4
293,ZCTA5 01504,9.9,8.0,20.5,61.6
294,ZCTA5 01505,11.200000000000001,6.8,14.9,67.2
295,ZCTA5 01506,25.3,10.3,19.7,44.7
296,ZCTA5 01507,12.8,6.5,11.8,68.9
297,ZCTA5 01510,17.7,8.8,17.8,55.8
298,ZCTA5 01515,18.0,12.9,18.4,50.5
299,ZCTA5 01516,11.5,4.5,19.0,64.9
300,ZCTA5 01518,20.0,15.3,19.8,44.900000000000006
301,ZCTA5 01519,11.7,5.2,9.1,73.7
302,ZCTA5 01520,9.9,7.2,15.3,67.5
303,ZCTA5 01521,22.8,13.3,18.1,45.9
304,ZCTA5 01522,6.7,10.2,12.2,70.9
305,ZCTA5 01523,15.6,10.4,11.9,62.2
306,ZCTA5 01524,12.2,10.7,31.2,45.9
307,ZCTA5 01525,16.3,66.3,0.0,17.5
308,ZCTA5 01527,19.7,4.6,15.2,60.4
309,ZCTA5 01529,14.8,9.1,13.1,63.1
310,ZCTA5 01531,12.299999999999999,6.9,23.0,57.9
311,ZCTA5 01532,10.100000000000001,9.1,9.7,71.1
312,ZCTA5 01534,4.5,8.6,13.3,73.5
313,ZCTA5 01535,20.4,8.0,17.6,53.8
314,ZCTA5 01536,18.6,9.5,18.8,53.0
315,ZCTA5 01537,22.3,13.3,11.6,52.7
316,ZCTA5 01540,15.799999999999999,10.0,18.9,55.199999999999996
317,ZCTA5 01541,6.2,7.2,12.4,74.3
318,ZCTA5 01542,16.9,3.6,20.1,59.50000000000001
319,ZCTA5 01543,11.700000000000001,10.7,12.0,65.6
320,ZCTA5 01545,9.8,7.5,10.9,71.8
321,ZCTA5 01550,20.200000000000003,11.4,21.8,46.8
322,ZCTA5 01560,5.9,5.4,11.1,77.5
323,ZCTA5 01561,0.0,0.0,0.0,0.0
324,ZCTA5 01562,20.500000000000004,6.0,15.8,57.6
325,ZCTA5 01564,10.2,4.5,15.3,69.8
326,ZCTA5 01566,15.8,5.0,15.4,63.7
327,ZCTA5 01568,5.8999999999999995,6.2,9.7,78.2
328,ZCTA5 01569,12.3,6.8,16.7,64.3
329,ZCTA5 01570,20.9,11.3,20.3,47.6
330,ZCTA5 01571,19.5,11.5,12.9,56.2
331,ZCTA5 01581,8.0,4.8,13.2,74.0
332,ZCTA5 01583,11.7,9.6,24.7,54.0
333,ZCTA5 01585,17.599999999999998,13.6,19.2,49.6
334,ZCTA5 01588,17.300000000000004,5.4,20.1,57.2
335,ZCTA5 01590,7.0,5.1,12.2,75.80000000000001
336,ZCTA5 01602,14.799999999999999,8.7,21.1,55.3
337,ZCTA5 01603,16.7,11.8,22.0,49.5
338,ZCTA5 01604,22.1,14.2,21.9,41.7
339,ZCTA5 01605,18.0,9.7,24.1,48.2
340,ZCTA5 01606,19.5,7.6,19.9,52.900000000000006
341,ZCTA5 01607,15.499999999999998,12.8,19.8,51.800000000000004
342,ZCTA5 01608,0.0,19.3,13.3,67.5
343,ZCTA5 01609,12.399999999999999,7.6,19.7,60.2
344,ZCTA5 01610,24.7,13.3,23.8,38.300000000000004
345,ZCTA5 01611,10.1,11.9,13.9,64.0
346,ZCTA5 01612,8.4,6.8,18.2,66.5
347,ZCTA5 01701,11.7,7.7,14.0,66.5
348,ZCTA5 01702,14.600000000000001,6.5,15.4,63.6
349,ZCTA5 01718,0.0,11.6,23.2,65.1
350,ZCTA5 01719,13.1,10.3,6.0,70.5
351,ZCTA5 01720,6.5,4.3,9.6,79.8
352,ZCTA5 01721,10.299999999999999,7.3,12.5,69.7
353,ZCTA5 01730,5.1,7.1,9.6,78.1
354,ZCTA5 01731,0.0,0.0,0.0,0.0
355,ZCTA5 01740,10.999999999999998,4.1,9.2,75.6
356,ZCTA5 01741,10.7,3.8,8.4,77.1
357,ZCTA5 01742,11.299999999999999,3.2,6.4,79.2
358,ZCTA5 01745,20.8,10.4,7.2,61.6
359,ZCTA5 01746,9.6,8.6,7.9,74.0
360,ZCTA5 01747,13.700000000000001,6.1,14.4,65.8
361,ZCTA5 01748,7.800000000000001,3.1,8.7,80.5
362,ZCTA5 01749,16.1,9.8,16.3,57.900000000000006
363,ZCTA5 01752,14.200000000000001,7.5,19.3,59.2
364,ZCTA5 01754,9.8,5.1,15.6,69.5
365,ZCTA5 01756,11.8,4.4,13.5,70.19999999999999
366,ZCTA5 01757,13.900000000000002,9.4,17.6,59.0
367,ZCTA5 01760,11.8,8.7,12.1,67.4
368,ZCTA5 01770,5.6,3.0,6.6,84.8
369,ZCTA5 01772,6.1,4.7,8.0,81.1
370,ZCTA5 01773,6.4,3.8,7.4,82.4
371,ZCTA5 01775,10.8,7.3,9.0,73.0
372,ZCTA5 01776,5.4,2.9,4.8,87.0
373,ZCTA5 01778,10.4,4.1,6.9,78.5
374,ZCTA5 01801,13.7,7.7,15.9,62.7
375,ZCTA5 01803,13.200000000000001,5.9,13.4,67.5
376,ZCTA5 01810,7.9,6.1,9.8,76.30000000000001
377,ZCTA5 01821,13.0,8.5,13.6,64.9
378,ZCTA5 01824,12.299999999999999,8.3,11.5,67.9
379,ZCTA5 01826,17.0,5.1,19.4,58.5
380,ZCTA5 01827,9.200000000000001,7.5,10.7,72.6
381,ZCTA5 01830,14.2,11.3,16.8,57.7
382,ZCTA5 01832,19.2,8.7,17.6,54.699999999999996
383,ZCTA5 01833,7.5,5.1,12.8,74.69999999999999
384,ZCTA5 01834,10.200000000000001,12.2,14.6,62.9
385,ZCTA5 01835,12.0,8.1,20.7,59.10000000000001
386,ZCTA5 01840,25.299999999999997,28.2,31.1,15.6
387,ZCTA5 01841,29.199999999999996,12.1,23.2,35.5
388,ZCTA5 01843,17.400000000000002,12.1,22.5,47.9
389,ZCTA5 01844,15.499999999999998,9.7,15.0,59.7
390,ZCTA5 01845,9.0,5.9,10.4,74.6
391,ZCTA5 01850,21.900000000000002,13.2,22.5,42.3
392,ZCTA5 01851,21.9,8.3,17.6,52.3
393,ZCTA5 01852,19.0,11.5,20.8,48.8
394,ZCTA5 01854,21.3,10.4,17.8,50.400000000000006
395,ZCTA5 01860,15.8,7.6,15.8,60.9
396,ZCTA5 01862,16.8,2.7,10.9,69.5
397,ZCTA5 01863,14.8,11.9,14.2,59.1
398,ZCTA5 01864,9.600000000000001,4.6,12.9,72.8
399,ZCTA5 01867,11.700000000000001,4.7,11.8,71.8
400,ZCTA5 01876,15.8,6.8,14.3,63.099999999999994
401,ZCTA5 01879,10.6,7.2,15.1,67.30000000000001
402,ZCTA5 01880,10.600000000000001,8.2,15.7,65.30000000000001
403,ZCTA5 01886,7.2,3.7,10.1,79.2
404,ZCTA5 01887,9.0,7.1,14.4,69.5
405,ZCTA5 01890,6.800000000000001,4.4,9.7,79.1
406,ZCTA5 01901,7.1,0.0,0.0,92.8
407,ZCTA5 01902,21.3,11.2,22.9,44.6
408,ZCTA5 01904,12.499999999999998,8.8,17.5,61.0
409,ZCTA5 01905,18.999999999999996,10.6,18.9,51.400000000000006
410,ZCTA5 01906,15.299999999999999,9.3,18.1,57.199999999999996
411,ZCTA5 01907,11.399999999999999,3.7,12.7,72.3
412,ZCTA5 01908,11.899999999999999,14.3,18.5,55.3
413,ZCTA5 01913,12.5,9.2,13.8,64.5
414,ZCTA5 01915,13.100000000000001,6.5,14.9,65.4
415,ZCTA5 01921,6.800000000000001,5.7,6.5,80.9
416,ZCTA5 01922,5.8,7.3,17.9,69.0
417,ZCTA5 01923,13.7,7.8,16.6,61.8
418,ZCTA5 01929,8.6,5.3,11.1,75.0
419,ZCTA5 01930,20.299999999999997,8.9,16.5,54.3
420,ZCTA5 01937,0.0,0.0,0.0,0.0
421,ZCTA5 01938,16.9,7.7,14.9,60.6
422,ZCTA5 01940,9.9,4.9,10.3,75.0
423,ZCTA5 01944,13.799999999999999,7.3,7.2,71.7
424,ZCTA5 01945,12.000000000000002,6.6,12.0,69.3
425,ZCTA5 01949,15.600000000000001,2.4,12.1,69.9
426,ZCTA5 01950,12.200000000000001,7.8,13.4,66.5
427,ZCTA5 01951,18.1,4.6,12.8,64.5
428,ZCTA5 01952,12.3,11.9,14.5,61.400000000000006
429,ZCTA5 01960,17.2,10.6,17.7,54.5
430,ZCTA5 01966,16.4,8.8,16.7,58.099999999999994
431,ZCTA5 01969,15.5,4.4,15.1,65.0
432,ZCTA5 01970,17.4,8.9,18.6,55.1
433,ZCTA5 01982,9.1,8.3,6.6,75.9
434,ZCTA5 01983,7.1,7.4,12.0,73.5
435,ZCTA5 01984,14.4,2.7,12.2,70.69999999999999
436,ZCTA5 01985,11.299999999999999,6.6,14.1,68.1
437,ZCTA5 02019,13.599999999999998,7.9,14.7,63.7
438,ZCTA5 02021,12.9,7.6,13.4,66.1
439,ZCTA5 02025,7.2,6.7,8.9,77.30000000000001
440,ZCTA5 02026,13.6,8.0,14.3,64.1
441,ZCTA5 02030,4.8,6.6,10.6,78.0
442,ZCTA5 02032,7.3,14.4,12.3,66.0
443,ZCTA5 02035,10.3,5.4,11.6,72.69999999999999
444,ZCTA5 02038,7.8,6.6,12.3,73.3
445,ZCTA5 02043,12.5,8.1,10.5,68.9
446,ZCTA5 02045,18.700000000000003,8.6,16.1,56.699999999999996
447,ZCTA5 02047,100.0,0.0,0.0,0.0
448,ZCTA5 02048,9.1,5.2,13.4,72.3
449,ZCTA5 02050,13.600000000000001,7.6,15.2,63.5
450,ZCTA5 02052,5.9,2.9,8.5,82.7
451,ZCTA5 02053,6.3,6.2,9.7,77.9
452,ZCTA5 02054,11.7,10.0,14.7,63.7
453,ZCTA5 02056,7.7,4.8,8.7,78.8
454,ZCTA5 02061,8.9,6.6,14.6,69.8
455,ZCTA5 02062,15.6,8.3,14.4,61.7
456,ZCTA5 02066,11.299999999999999,5.6,12.0,71.0
457,ZCTA5 02067,7.1,5.1,8.6,79.2
458,ZCTA5 02071,9.3,0.0,11.5,79.30000000000001
459,ZCTA5 02072,15.7,9.8,15.6,58.8
460,ZCTA5 02081,8.6,8.2,15.5,67.8
461,ZCTA5 02090,9.6,6.1,7.2,77.1
462,ZCTA5 02093,8.7,6.7,15.2,69.19999999999999
463,ZCTA5 02108,17.0,1.5,9.6,71.9
464,ZCTA5 02109,4.6,4.2,11.1,80.19999999999999
465,ZCTA5 02110,9.299999999999999,4.2,7.2,79.3
466,ZCTA5 02111,7.5,2.3,10.7,79.30000000000001
467,ZCTA5 02113,24.1,3.8,14.3,57.8
468,ZCTA5 02114,13.9,3.6,12.4,70.1
469,ZCTA5 02115,13.899999999999999,6.9,19.4,59.8
470,ZCTA5 02116,12.7,2.1,7.4,77.9
471,ZCTA5 02118,7.8,3.2,11.0,78.0
472,ZCTA5 02119,22.299999999999997,12.2,16.5,48.9
473,ZCTA5 02120,14.0,7.1,7.6,71.39999999999999
474,ZCTA5 02121,21.8,11.8,26.1,40.2
475,ZCTA5 02122,14.5,8.3,17.8,59.4
476,ZCTA5 02124,17.999999999999996,10.1,18.9,53.10000000000001
477,ZCTA5 02125,16.6,10.5,19.8,53.2
478,ZCTA5 02126,19.7,10.4,25.0,44.9
479,ZCTA5 02127,10.3,5.8,14.2,69.60000000000001
480,ZCTA5 02128,20.4,11.0,18.6,50.0
481,ZCTA5 02129,7.600000000000001,4.2,6.3,81.9
482,ZCTA5 02130,9.100000000000001,7.7,12.8,70.3
483,ZCTA5 02131,14.899999999999999,9.9,11.9,63.199999999999996
484,ZCTA5 02132,13.6,7.6,12.7,66.19999999999999
485,ZCTA5 02134,14.100000000000001,6.6,18.5,60.9
486,ZCTA5 02135,24.599999999999998,9.3,16.8,49.3
487,ZCTA5 02136,13.599999999999998,9.0,20.3,57.1
488,ZCTA5 02138,12.4,5.5,12.6,69.5
489,ZCTA5 02139,13.2,7.1,13.2,66.5
490,ZCTA5 02140,13.400000000000002,5.1,11.5,70.0
491,ZCTA5 02141,12.7,9.4,11.3,66.7
492,ZCTA5 02142,10.4,0.0,3.5,86.10000000000001
493,ZCTA5 02143,13.400000000000002,15.3,13.1,58.0
494,ZCTA5 02144,17.699999999999996,8.0,14.8,59.5
495,ZCTA5 02145,19.5,11.4,15.3,53.8
496,ZCTA5 02148,16.8,10.1,16.7,56.300000000000004
497,ZCTA5 02149,18.0,12.5,23.9,45.4
498,ZCTA5 02150,14.7,9.9,27.5,47.9
499,ZCTA5 02151,19.5,12.7,22.2,45.5
500,ZCTA5 02152,17.799999999999997,9.1,15.3,57.8
501,ZCTA5 02155,15.000000000000002,9.6,14.6,60.8
502,ZCTA5 02163,0.0,0.0,0.0,0.0
503,ZCTA5 02169,16.1,9.4,18.4,56.099999999999994
504,ZCTA5 02170,19.6,11.1,14.8,54.5
505,ZCTA5 02171,16.7,8.8,15.0,59.4
506,ZCTA5 02176,9.1,7.2,13.3,70.5
507,ZCTA5 02180,13.5,5.2,16.9,64.3
508,ZCTA5 02184,12.499999999999998,6.8,13.6,67.3
509,ZCTA5 02186,8.700000000000001,6.6,10.8,73.7
510,ZCTA5 02188,15.000000000000002,6.2,20.3,58.5
511,ZCTA5 02189,14.600000000000001,13.6,19.6,52.300000000000004
512,ZCTA5 02190,14.799999999999999,11.2,13.7,60.3
513,ZCTA5 02191,21.4,10.8,16.7,51.2
514,ZCTA5 02199,36.7,0.0,0.0,63.3
515,ZCTA5 02203,0.0,0.0,0.0,0.0
516,ZCTA5 02210,10.0,18.8,8.9,62.3
517,ZCTA5 02215,18.1,8.5,16.4,56.9
518,ZCTA5 02301,19.9,12.2,20.7,47.2
519,ZCTA5 02302,18.1,11.8,20.3,49.7
520,ZCTA5 02322,14.899999999999999,9.3,17.5,58.400000000000006
521,ZCTA5 02324,14.499999999999998,6.1,12.0,67.30000000000001
522,ZCTA5 02330,20.6,8.2,19.9,51.2
523,ZCTA5 02332,10.6,6.6,10.5,72.4
524,ZCTA5 02333,11.100000000000001,10.5,13.7,64.69999999999999
525,ZCTA5 02338,23.8,12.1,17.3,46.8
526,ZCTA5 02339,6.6,6.9,11.7,74.80000000000001
527,ZCTA5 02341,8.1,4.7,14.1,73.1
528,ZCTA5 02343,17.3,10.9,22.4,49.400000000000006
529,ZCTA5 02346,12.5,13.1,15.1,59.2
530,ZCTA5 02347,9.7,8.3,20.6,61.50000000000001
531,ZCTA5 02351,10.299999999999999,6.0,17.6,66.3
532,ZCTA5 02356,8.299999999999999,6.9,12.8,72.1
533,ZCTA5 02357,0.0,0.0,0.0,0.0
534,ZCTA5 02359,11.3,8.1,15.5,65.3
535,ZCTA5 02360,14.599999999999998,9.0,16.8,59.7
536,ZCTA5 02364,16.499999999999996,8.9,11.8,62.800000000000004
537,ZCTA5 02366,0.0,0.0,0.0,0.0
538,ZCTA5 02367,10.2,7.1,13.8,68.9
539,ZCTA5 02368,14.9,9.2,22.3,53.400000000000006
540,ZCTA5 02370,17.400000000000002,10.7,17.7,54.4
541,ZCTA5 02375,12.900000000000002,7.5,14.0,65.7
542,ZCTA5 02379,15.700000000000001,9.6,15.8,59.0
543,ZCTA5 02382,10.9,8.9,17.2,63.0
544,ZCTA5 02420,8.0,5.1,8.7,78.3
545,ZCTA5 02421,8.6,4.7,4.6,82.1
546,ZCTA5 02445,10.1,6.4,9.3,74.2
547,ZCTA5 02446,13.4,5.0,12.4,69.19999999999999
548,ZCTA5 02451,13.4,9.8,13.6,63.2
549,ZCTA5 02452,13.499999999999998,9.9,22.8,53.7
550,ZCTA5 02453,12.399999999999999,8.2,14.4,64.9
551,ZCTA5 02457,0.0,0.0,0.0,0.0
552,ZCTA5 02458,13.3,6.9,9.4,70.5
553,ZCTA5 02459,8.0,4.2,7.7,80.1
554,ZCTA5 02460,6.1000000000000005,7.1,11.5,75.30000000000001
555,ZCTA5 02461,7.700000000000001,3.7,9.1,79.6
556,ZCTA5 02462,10.299999999999999,8.2,7.6,73.9
557,ZCTA5 02464,21.4,0.0,13.0,65.6
558,ZCTA5 02465,8.1,3.0,6.9,82.0
559,ZCTA5 02466,12.299999999999999,6.4,7.7,73.6
560,ZCTA5 02467,12.3,4.4,10.3,72.9
561,ZCTA5 02468,7.000000000000001,1.9,7.2,84.1
562,ZCTA5 02472,13.100000000000001,4.8,16.2,65.9
563,ZCTA5 02474,13.299999999999999,5.5,11.0,70.1
564,ZCTA5 02476,11.2,4.3,11.5,73.1
565,ZCTA5 02478,8.7,6.8,8.9,75.5
566,ZCTA5 02481,7.3999999999999995,2.5,6.2,83.9
567,ZCTA5 02482,6.300000000000001,4.0,9.3,80.4
568,ZCTA5 02492,6.699999999999999,4.9,9.3,79.0
569,ZCTA5 02493,8.7,2.4,4.4,84.5
570,ZCTA5 02494,6.4,2.1,9.1,82.30000000000001
571,ZCTA5 02532,26.900000000000006,10.6,13.7,48.8
572,ZCTA5 02534,15.2,15.8,17.7,51.3
573,ZCTA5 02535,25.8,7.8,15.4,50.9
574,ZCTA5 02536,20.2,12.6,21.0,46.2
575,ZCTA5 02537,9.600000000000001,8.1,26.4,55.7
576,ZCTA5 02538,19.8,18.7,19.4,42.2
577,ZCTA5 02539,21.3,22.5,21.1,35.1
578,ZCTA5 02540,24.299999999999997,6.5,13.8,55.599999999999994
579,ZCTA5 02542,0.0,100.0,0.0,0.0
580,ZCTA5 02543,10.2,19.6,22.2,48.0
581,ZCTA5 02553,0.0,0.0,27.1,72.9
582,ZCTA5 02554,14.199999999999998,7.1,10.3,68.30000000000001
583,ZCTA5 02556,25.999999999999996,3.9,10.4,59.7
584,ZCTA5 02557,32.0,3.9,8.4,55.7
585,ZCTA5 02558,26.7,14.5,32.9,25.8
586,ZCTA5 02559,16.400000000000002,10.8,18.7,54.2
587,ZCTA5 02561,30.3,0.0,12.3,57.5
588,ZCTA5 02562,19.999999999999996,11.9,21.2,47.0
589,ZCTA5 02563,12.8,12.9,13.9,60.3
590,ZCTA5 02564,24.1,8.9,8.9,58.2
591,ZCTA5 02568,40.199999999999996,9.3,9.0,41.5
592,ZCTA5 02571,17.900000000000002,15.6,23.8,42.6
593,ZCTA5 02575,13.6,8.1,25.8,52.49999999999999
594,ZCTA5 02576,21.700000000000003,8.5,8.4,61.400000000000006
595,ZCTA5 02584,0.0,100.0,0.0,0.0
596,ZCTA5 02601,28.299999999999997,15.2,26.8,29.7
597,ZCTA5 02630,33.900000000000006,4.9,12.3,49.0
598,ZCTA5 02631,21.200000000000003,10.0,18.1,50.599999999999994
599,ZCTA5 02632,19.599999999999998,12.3,21.9,46.099999999999994
600,ZCTA5 02633,19.799999999999997,10.3,16.7,53.199999999999996
601,ZCTA5 02635,20.0,7.0,22.7,50.39999999999999
602,ZCTA5 02637,0.0,0.0,50.0,50.0
603,ZCTA5 02638,29.5,7.9,14.9,47.7
604,ZCTA5 02639,26.6,21.7,17.8,33.8
605,ZCTA5 02641,13.6,23.2,5.6,57.6
606,ZCTA5 02642,20.500000000000004,14.7,18.8,45.9
607,ZCTA5 02643,0.0,0.0,0.0,100.0
608,ZCTA5 02644,10.299999999999999,12.1,10.2,67.5
609,ZCTA5 02645,18.0,12.1,21.0,49.099999999999994
610,ZCTA5 02646,18.8,10.5,26.3,44.50000000000001
611,ZCTA5 02647,20.8,0.0,0.0,79.19999999999999
612,ZCTA5 02648,16.0,13.4,23.7,46.8
613,ZCTA5 02649,24.7,12.3,15.3,47.8
614,ZCTA5 02650,24.1,9.6,24.2,42.1
615,ZCTA5 02651,0.0,0.0,0.0,100.0
616,ZCTA5 02652,28.4,16.1,21.0,34.7
617,ZCTA5 02653,21.7,13.6,13.6,51.0
618,ZCTA5 02655,25.9,9.4,15.7,48.9
619,ZCTA5 02657,33.2,8.4,14.5,43.8
620,ZCTA5 02659,26.300000000000004,22.6,12.0,39.1
621,ZCTA5 02660,23.8,14.8,22.0,39.5
622,ZCTA5 02663,0.0,67.6,0.0,32.4
623,ZCTA5 02664,24.4,18.4,22.2,35.0
624,ZCTA5 02666,24.199999999999996,5.3,43.8,26.7
625,ZCTA5 02667,31.899999999999995,16.4,19.3,32.5
626,ZCTA5 02668,16.299999999999997,5.8,17.4,60.6
627,ZCTA5 02669,10.8,0.0,10.8,78.30000000000001
628,ZCTA5 02670,22.0,17.4,24.1,36.599999999999994
629,ZCTA5 02671,31.299999999999997,14.5,17.8,36.4
630,ZCTA5 02672,26.3,0.0,0.0,73.7
631,ZCTA5 02673,22.900000000000002,17.5,22.6,37.0
632,ZCTA5 02675,23.9,12.7,21.0,42.4
633,ZCTA5 02702,14.700000000000001,3.6,16.1,65.6
634,ZCTA5 02703,14.499999999999998,9.5,20.1,55.9
635,ZCTA5 02713,51.7,6.5,16.1,25.9
636,ZCTA5 02715,16.9,8.5,13.3,61.4
637,ZCTA5 02717,15.400000000000002,7.4,13.0,64.2
638,ZCTA5 02718,15.4,5.9,12.4,66.3
639,ZCTA5 02719,23.799999999999994,9.4,21.0,45.7
640,ZCTA5 02720,24.2,11.5,19.8,44.5
641,ZCTA5 02721,33.9,10.7,19.6,35.8
642,ZCTA5 02723,28.500000000000004,15.8,23.5,32.199999999999996
643,ZCTA5 02724,30.700000000000003,24.2,16.5,28.500000000000004
644,ZCTA5 02725,24.599999999999998,9.6,21.4,44.4
645,ZCTA5 02726,16.4,10.8,14.3,58.5
646,ZCTA5 02738,16.599999999999998,8.5,18.1,56.800000000000004
647,ZCTA5 02739,9.0,7.8,25.4,57.9
648,ZCTA5 02740,28.700000000000003,14.0,20.2,37.1
649,ZCTA5 02743,21.199999999999996,8.6,18.2,52.199999999999996
650,ZCTA5 02744,35.9,12.6,16.2,35.300000000000004
651,ZCTA5 02745,25.299999999999997,13.2,22.6,38.7
652,ZCTA5 02746,36.0,16.6,20.0,27.400000000000002
653,ZCTA5 02747,18.2,7.9,18.9,55.0
654,ZCTA5 02748,20.0,10.0,18.7,51.3
655,ZCTA5 02760,11.5,8.1,15.2,65.3
656,ZCTA5 02762,17.1,8.2,14.9,59.8
657,ZCTA5 02763,8.6,12.0,9.1,70.30000000000001
658,ZCTA5 02764,15.9,14.2,10.8,59.099999999999994
659,ZCTA5 02766,13.700000000000001,9.0,16.2,61.1
660,ZCTA5 02767,15.1,7.4,15.5,62.0
661,ZCTA5 02769,13.2,7.5,16.4,62.900000000000006
662,ZCTA5 02770,12.5,6.3,15.4,65.8
663,ZCTA5 02771,15.200000000000001,10.0,21.0,53.8
664,ZCTA5 02777,17.7,11.4,16.0,55.0
665,ZCTA5 02779,17.299999999999997,10.8,10.6,61.400000000000006
666,ZCTA5 02780,22.5,13.5,18.6,45.5
667,ZCTA5 02790,16.400000000000002,7.2,15.8,60.8
668,ZCTA5 02791,8.6,0.0,45.7,45.7
669,ZCTA5 02802,0.0,23.4,0.0,76.5
670,ZCTA5 02804,6.300000000000001,13.6,27.9,52.2
671,ZCTA5 02806,11.6,7.1,11.8,69.5
672,ZCTA5 02807,12.6,6.2,17.4,63.6
673,ZCTA5 02808,15.700000000000001,7.2,29.6,47.5
674,ZCTA5 02809,19.200000000000003,9.7,16.9,54.2
675,ZCTA5 02812,5.1,6.6,8.0,80.30000000000001
676,ZCTA5 02813,19.4,9.5,21.0,50.2
677,ZCTA5 02814,15.700000000000001,5.4,18.2,60.699999999999996
678,ZCTA5 02815,0.0,0.0,27.7,72.30000000000001
679,ZCTA5 02816,18.3,10.4,18.0,53.3
680,ZCTA5 02817,11.800000000000002,6.6,18.2,63.199999999999996
681,ZCTA5 02818,12.4,7.7,14.7,65.4
682,ZCTA5 02822,7.799999999999999,7.9,18.2,66.1
683,ZCTA5 02825,10.1,10.5,18.9,60.3
684,ZCTA5 02826,42.7,5.2,28.7,23.5
685,ZCTA5 02827,13.700000000000001,9.0,23.4,53.800000000000004
686,ZCTA5 02828,20.0,9.5,18.3,52.2
687,ZCTA5 02830,18.200000000000003,6.5,18.8,56.6
688,ZCTA5 02831,13.0,6.5,12.2,68.4
689,ZCTA5 02832,9.7,11.7,18.2,60.400000000000006
690,ZCTA5 02833,5.7,15.7,11.0,67.69999999999999
691,ZCTA5 02835,13.6,9.8,10.5,66.0
692,ZCTA5 02836,36.4,0.0,29.5,34.1
693,ZCTA5 02837,18.0,11.5,14.3,56.3
694,ZCTA5 02838,13.4,11.5,26.8,48.2
695,ZCTA5 02839,21.6,7.1,11.5,59.8
696,ZCTA5 02840,12.4,9.4,15.0,63.199999999999996
697,ZCTA5 02841,0.0,0.0,0.0,0.0
698,ZCTA5 02842,14.5,9.0,17.4,59.0
699,ZCTA5 02852,13.1,9.1,16.4,61.5
700,ZCTA5 02857,14.3,10.7,16.2,58.800000000000004
701,ZCTA5 02858,0.0,15.3,11.0,73.7
702,ZCTA5 02859,20.700000000000003,12.3,21.3,45.6
703,ZCTA5 02860,27.099999999999998,15.1,20.3,37.5
704,ZCTA5 02861,26.199999999999996,13.2,22.7,37.9
705,ZCTA5 02863,30.900000000000002,19.9,24.1,25.200000000000003
706,ZCTA5 02864,14.299999999999999,9.4,16.4,60.0
707,ZCTA5 02865,14.499999999999998,8.5,14.5,62.5
708,ZCTA5 02871,12.6,8.0,17.9,61.400000000000006
709,ZCTA5 02872,15.4,33.3,0.0,51.3
710,ZCTA5 02873,33.3,0.0,28.1,38.6
711,ZCTA5 02874,11.2,11.1,13.4,64.3
712,ZCTA5 02875,0.0,0.0,28.6,71.5
713,ZCTA5 02876,0.0,0.0,0.0,100.0
714,ZCTA5 02878,17.0,9.5,17.0,56.5
715,ZCTA5 02879,12.5,10.9,17.7,58.8
716,ZCTA5 02881,11.6,8.3,10.7,69.3
717,ZCTA5 02882,15.500000000000002,11.4,14.6,58.400000000000006
718,ZCTA5 02885,20.3,10.7,21.4,47.7
719,ZCTA5 02886,17.099999999999998,8.4,20.7,53.9
720,ZCTA5 02888,22.599999999999998,12.5,19.6,45.2
721,ZCTA5 02889,19.299999999999997,11.2,21.5,47.800000000000004
722,ZCTA5 02891,14.2,14.0,19.3,52.6
723,ZCTA5 02892,13.599999999999998,19.3,10.6,56.5
724,ZCTA5 02893,17.4,13.9,18.8,49.900000000000006
725,ZCTA5 02894,0.0,7.1,35.0,57.9
726,ZCTA5 02895,24.9,13.2,20.1,41.8
727,ZCTA5 02896,11.3,6.4,17.3,65.0
728,ZCTA5 02898,5.0,0.0,26.5,68.5
729,ZCTA5 02903,24.0,12.9,19.3,43.8
730,ZCTA5 02904,20.600000000000005,15.3,18.6,45.599999999999994
731,ZCTA5 02905,21.4,14.2,21.9,42.4
732,ZCTA5 02906,14.9,6.0,13.7,65.4
733,ZCTA5 02907,21.200000000000003,14.3,30.9,33.6
734,ZCTA5 02908,19.900000000000002,11.4,21.5,47.2
735,ZCTA5 02909,26.0,13.6,22.7,37.9
736,ZCTA5 02910,24.3,12.2,19.6,43.800000000000004
737,ZCTA5 02911,17.099999999999998,11.9,25.6,45.5
738,ZCTA5 02912,0.0,0.0,0.0,100.0
739,ZCTA5 02914,26.2,13.5,23.0,37.2
740,ZCTA5 02915,22.1,14.0,19.4,44.4
741,ZCTA5 02916,14.699999999999998,10.4,18.7,56.2
742,ZCTA5 02917,13.000000000000002,8.4,20.6,57.9
743,ZCTA5 02919,19.5,10.6,17.7,52.2
744,ZCTA5 02920,21.599999999999998,16.9,18.6,42.9
745,ZCTA5 02921,9.299999999999999,5.4,10.9,74.7
746,ZCTA5 03031,8.6,8.5,12.6,70.4
747,ZCTA5 03032,7.700000000000001,8.1,10.9,73.3
748,ZCTA5 03033,7.2,3.3,13.0,76.5
749,ZCTA5 03034,11.9,5.4,16.0,66.6
750,ZCTA5 03036,8.7,3.2,15.8,72.2
751,ZCTA5 03037,8.7,9.5,21.2,60.6
752,ZCTA5 03038,14.2,9.5,20.0,56.3
753,ZCTA5 03042,17.5,6.1,21.0,55.4
754,ZCTA5 03043,16.599999999999998,6.7,18.4,58.4
755,ZCTA5 03044,9.100000000000001,9.0,16.0,65.8
756,ZCTA5 03045,13.6,8.3,23.4,54.800000000000004
757,ZCTA5 03046,12.2,8.0,13.5,66.3
758,ZCTA5 03047,14.6,14.1,20.4,50.89999999999999
759,ZCTA5 03048,15.599999999999998,12.3,25.9,46.2
760,ZCTA5 03049,10.5,6.3,12.5,70.7
761,ZCTA5 03051,14.000000000000002,7.6,18.3,60.099999999999994
762,ZCTA5 03052,8.3,10.5,16.0,65.3
763,ZCTA5 03053,10.000000000000002,8.4,14.3,67.2
764,ZCTA5 03054,8.3,7.8,17.3,66.6
765,ZCTA5 03055,13.0,13.9,13.2,60.0
766,ZCTA5 03057,8.899999999999999,5.9,16.5,68.60000000000001
767,ZCTA5 03060,21.8,11.3,18.2,48.7
768,ZCTA5 03062,13.299999999999999,8.6,12.6,65.4
769,ZCTA5 03063,12.899999999999999,9.6,17.7,59.8
770,ZCTA5 03064,15.999999999999996,6.9,14.2,63.099999999999994
771,ZCTA5 03070,6.8,2.4,15.8,75.0
772,ZCTA5 03071,9.2,6.9,27.5,56.5
773,ZCTA5 03076,12.299999999999997,7.6,15.4,64.6
774,ZCTA5 03077,18.8,8.7,23.5,49.0
775,ZCTA5 03079,15.1,11.4,14.3,59.2
776,ZCTA5 03082,11.6,12.1,17.9,58.300000000000004
777,ZCTA5 03084,16.7,17.6,12.1,53.599999999999994
778,ZCTA5 03086,15.200000000000001,14.1,12.2,58.4
779,ZCTA5 03087,9.700000000000001,5.9,9.7,74.6
780,ZCTA5 03101,14.3,0.0,15.0,70.7
781,ZCTA5 03102,17.3,10.9,23.6,48.199999999999996
782,ZCTA5 03103,18.6,12.0,23.9,45.6
783,ZCTA5 03104,13.700000000000001,7.4,19.6,59.3
784,ZCTA5 03106,13.7,9.7,15.1,61.300000000000004
785,ZCTA5 03109,11.4,8.3,20.2,60.1
786,ZCTA5 03110,9.6,4.1,10.0,76.4
787,ZCTA5 03215,35.1,5.1,13.7,46.2
788,ZCTA5 03216,16.8,18.6,17.4,47.3
789,ZCTA5 03217,21.900000000000002,22.6,22.1,33.3
790,ZCTA5 03218,13.3,3.3,13.7,69.7
791,ZCTA5 03220,23.6,6.7,20.9,48.9
792,ZCTA5 03221,19.9,14.8,24.7,40.7
793,ZCTA5 03222,29.6,14.4,22.5,33.5
794,ZCTA5 03223,29.4,8.7,25.3,36.6
795,ZCTA5 03224,8.5,9.6,18.7,63.2
796,ZCTA5 03225,17.7,8.3,35.2,38.9
797,ZCTA5 03226,17.4,11.3,22.3,49.1
798,ZCTA5 03227,22.199999999999996,6.5,21.8,49.5
799,ZCTA5 03229,9.899999999999999,5.3,17.6,67.2
800,ZCTA5 03230,28.0,14.2,21.9,35.9
801,ZCTA5 03231,44.0,0.0,0.0,56.0
802,ZCTA5 03233,29.6,0.0,0.0,70.4
803,ZCTA5 03234,19.0,7.3,21.1,52.599999999999994
804,ZCTA5 03235,19.400000000000002,16.3,24.6,39.6
805,ZCTA5 03237,21.8,8.0,23.4,46.9
806,ZCTA5 03238,20.6,11.8,52.9,14.7
807,ZCTA5 03240,30.400000000000002,23.2,17.6,28.700000000000003
808,ZCTA5 03241,31.3,11.6,19.7,37.3
809,ZCTA5 03242,8.8,4.7,26.4,60.1
810,ZCTA5 03243,27.7,13.6,18.4,40.4
811,ZCTA5 03244,23.499999999999996,12.7,19.5,44.3
812,ZCTA5 03245,22.299999999999997,15.4,14.9,47.5
813,ZCTA5 03246,20.200000000000003,12.1,21.0,46.699999999999996
814,ZCTA5 03249,24.5,5.6,20.5,49.5
815,ZCTA5 03251,27.9,15.5,32.4,24.3
816,ZCTA5 03253,23.2,14.1,14.9,47.800000000000004
817,ZCTA5 03254,14.700000000000001,10.1,20.9,54.3
818,ZCTA5 03255,24.900000000000002,12.5,17.5,45.199999999999996
819,ZCTA5 03256,21.700000000000003,13.5,20.3,44.4
820,ZCTA5 03257,18.999999999999996,10.4,17.2,53.2
821,ZCTA5 03258,19.5,9.0,18.7,52.9
822,ZCTA5 03259,31.700000000000003,16.6,9.3,42.3
823,ZCTA5 03260,11.6,19.5,17.3,51.6
824,ZCTA5 03261,20.5,9.7,15.6,54.099999999999994
825,ZCTA5 03262,27.7,12.9,17.1,42.3
826,ZCTA5 03263,18.1,13.7,14.4,53.7
827,ZCTA5 03264,27.400000000000002,10.2,18.7,43.699999999999996
828,ZCTA5 03266,25.5,19.9,21.1,33.5
829,ZCTA5 03268,14.0,13.3,33.9,38.7
830,ZCTA5 03269,17.3,14.6,21.5,46.4
831,ZCTA5 03273,13.600000000000001,15.2,32.8,38.4
832,ZCTA5 03275,17.1,11.0,19.5,52.39999999999999
833,ZCTA5 03276,17.2,15.9,19.5,47.4
834,ZCTA5 03278,10.299999999999999,16.4,19.6,53.7
835,ZCTA5 03279,39.8,14.0,22.6,23.5
836,ZCTA5 03280,24.599999999999998,13.2,23.0,39.199999999999996
837,ZCTA5 03281,9.100000000000001,9.5,19.8,61.5
838,ZCTA5 03282,29.0,19.1,23.1,28.8
839,ZCTA5 03284,11.4,9.5,29.5,49.800000000000004
840,ZCTA5 03285,19.600000000000005,18.6,28.8,33.0
841,ZCTA5 03287,20.7,16.3,15.7,47.3
842,ZCTA5 03290,6.2,8.1,19.3,66.4
843,ZCTA5 03291,0.0,0.0,50.0,50.0
844,ZCTA5 03293,37.0,7.4,29.6,25.9
845,ZCTA5 03301,16.0,12.5,15.6,56.0
846,ZCTA5 03303,18.799999999999997,10.8,23.7,46.800000000000004
847,ZCTA5 03304,8.2,8.3,9.7,73.8
848,ZCTA5 03307,19.699999999999996,5.7,27.6,47.1
849,ZCTA5 03431,18.500000000000004,11.0,19.4,51.0
850,ZCTA5 03440,22.2,8.8,18.9,50.2
851,ZCTA5 03441,5.8,8.0,13.0,73.1
852,ZCTA5 03442,13.800000000000002,20.7,17.8,47.800000000000004
853,ZCTA5 03443,29.400000000000002,3.8,10.9,55.800000000000004
854,ZCTA5 03444,17.700000000000003,11.2,18.3,52.7
855,ZCTA5 03445,28.4,13.6,13.1,44.9
856,ZCTA5 03446,21.1,17.3,21.9,39.8
857,ZCTA5 03447,29.1,13.6,15.1,42.099999999999994
858,ZCTA5 03448,29.300000000000004,24.2,23.0,23.4
859,ZCTA5 03449,16.7,7.2,13.9,62.099999999999994
860,ZCTA5 03450,18.700000000000003,18.8,25.0,37.5
861,ZCTA5 03451,28.4,10.4,24.7,36.699999999999996
862,ZCTA5 03452,20.1,9.3,21.7,49.0
863,ZCTA5 03455,22.1,12.2,18.0,47.7
864,ZCTA5 03456,24.0,12.3,19.0,44.800000000000004
865,ZCTA5 03457,21.6,8.8,18.0,51.60000000000001
866,ZCTA5 03458,18.600000000000005,12.2,19.7,49.5
867,ZCTA5 03461,19.6,9.4,18.4,52.6
868,ZCTA5 03462,10.2,10.7,23.6,55.400000000000006
869,ZCTA5 03464,16.5,11.9,23.2,48.4
870,ZCTA5 03465,26.6,12.6,28.5,32.400000000000006
871,ZCTA5 03466,4.0,13.8,28.0,54.2
872,ZCTA5 03467,9.399999999999999,13.3,17.8,59.5
873,ZCTA5 03470,28.5,21.4,21.8,28.3
874,ZCTA5 03561,22.7,11.7,24.9,40.6
875,ZCTA5 03570,30.400000000000002,16.1,22.6,30.700000000000003
876,ZCTA5 03574,22.5,14.4,28.2,35.1
877,ZCTA5 03575,36.8,0.0,0.0,63.099999999999994
878,ZCTA5 03576,33.0,15.0,22.3,29.6
879,ZCTA5 03579,45.199999999999996,17.6,21.9,15.2
880,ZCTA5 03580,18.4,11.6,17.3,52.800000000000004
881,ZCTA5 03581,19.7,18.4,23.7,38.3
882,ZCTA5 03582,39.00000000000001,18.2,21.6,21.3
883,ZCTA5 03583,28.5,17.5,16.9,36.9
884,ZCTA5 03584,34.3,8.4,26.2,31.1
885,ZCTA5 03585,27.2,20.2,22.5,29.9
886,ZCTA5 03586,19.099999999999998,17.9,16.1,46.900000000000006
887,ZCTA5 03588,28.299999999999997,15.9,18.4,37.4
888,ZCTA5 03590,49.300000000000004,19.9,16.5,14.3
889,ZCTA5 03592,39.49999999999999,20.6,17.1,22.8
890,ZCTA5 03593,22.8,9.7,19.4,48.0
891,ZCTA5 03595,30.2,14.1,15.7,40.0
892,ZCTA5 03597,48.9,20.0,20.0,11.1
893,ZCTA5 03598,27.900000000000002,15.9,28.5,27.8
894,ZCTA5 03601,38.9,22.4,14.5,24.4
895,ZCTA5 03602,17.3,13.2,26.9,42.5
896,ZCTA5 03603,29.1,20.1,22.5,28.099999999999998
897,ZCTA5 03604,25.2,0.0,20.4,54.400000000000006
898,ZCTA5 03605,23.0,13.9,20.5,42.7
899,ZCTA5 03607,32.3,7.1,33.0,27.700000000000003
900,ZCTA5 03608,30.400000000000002,10.1,17.5,42.1
901,ZCTA5 03609,22.3,9.4,33.7,34.6
902,ZCTA5 03740,36.7,16.7,19.2,27.5
903,ZCTA5 03741,23.799999999999997,14.8,18.8,42.7
904,ZCTA5 03743,25.200000000000003,14.1,23.5,37.2
905,ZCTA5 03745,16.6,12.9,18.8,51.7
906,ZCTA5 03746,9.8,8.2,14.8,67.3
907,ZCTA5 03748,15.7,10.2,17.0,57.099999999999994
908,ZCTA5 03750,0.0,0.0,12.3,87.7
909,ZCTA5 03751,43.7,5.9,7.7,42.7
910,ZCTA5 03752,33.099999999999994,14.2,20.5,32.3
911,ZCTA5 03753,7.1000000000000005,9.9,19.2,63.900000000000006
912,ZCTA5 03754,0.0,0.0,0.0,0.0
913,ZCTA5 03755,11.2,5.8,8.5,74.7
914,ZCTA5 03765,45.3,0.0,34.1,20.6
915,ZCTA5 03766,19.7,12.4,14.0,53.8
916,ZCTA5 03768,9.5,5.5,12.4,72.7
917,ZCTA5 03770,13.600000000000001,8.0,0.0,78.3
918,ZCTA5 03771,26.599999999999998,13.1,18.5,41.8
919,ZCTA5 03773,19.200000000000003,14.1,25.4,41.4
920,ZCTA5 03774,12.4,28.1,18.2,41.4
921,ZCTA5 03777,14.2,6.9,19.8,59.099999999999994
922,ZCTA5 03779,16.2,15.1,16.5,52.1
923,ZCTA5 03780,4.6,30.9,15.1,49.300000000000004
924,ZCTA5 03781,12.3,11.8,16.1,59.7
925,ZCTA5 03782,14.9,11.9,17.5,55.8
926,ZCTA5 03784,15.399999999999999,4.1,24.0,56.6
927,ZCTA5 03785,25.000000000000004,24.1,17.9,33.1
928,ZCTA5 03801,12.8,11.3,15.2,60.7
929,ZCTA5 03809,31.1,6.0,16.9,45.9
930,ZCTA5 03810,13.4,10.1,24.4,52.3
931,ZCTA5 03811,8.5,9.6,17.3,64.69999999999999
932,ZCTA5 03812,55.2,25.2,14.6,4.9
933,ZCTA5 03813,20.300000000000004,16.5,23.2,40.0
934,ZCTA5 03814,40.79999999999999,13.4,23.8,22.0
935,ZCTA5 03816,16.8,16.4,24.2,42.7
936,ZCTA5 03817,53.3,11.8,4.3,30.5
937,ZCTA5 03818,35.199999999999996,19.0,13.9,32.0
938,ZCTA5 03819,10.2,6.4,15.7,67.7
939,ZCTA5 03820,15.700000000000001,9.4,17.7,57.2
940,ZCTA5 03823,14.399999999999999,7.5,5.7,72.5
941,ZCTA5 03824,10.8,5.4,14.4,69.5
942,ZCTA5 03825,16.3,8.5,14.8,60.5
943,ZCTA5 03826,16.0,4.6,13.6,65.6
